H test
SLAB
49
8.0
16
201 0.125 0.125 0
201 0.375 0.125 0
201 0.625 0.125 0
201 0.875 0.125 0
201 0.125 0.375 0
201 0.375 0.375 0
201 0.625 0.375 0
201 0.875 0.375 0
201 0.125 0.625 0
201 0.375 0.625 0
201 0.625 0.625 0
201 0.875 0.625 0
201 0.125 0.875 0
201 0.375 0.875 0
201 0.625 0.875 0
201 0.875 0.875 0
END
201 3
INPUT
1 3 0 0 0 0 0 
4.47692410 1.00000000 -1
2.97636451 4.47692410 1
3.01841596 -4.32112340 0
0 0 5 1. 0.
10.180385000    -0.000452000
4.426254000     0.029966000
1.924458000     0.097443000
0.836721000     0.169833000
0.363792000     0.277612000
0 0 1 0. 0.
0.170483000     1.000000000
0 0 4 0. 0.
6.264991000    -0.000347000
2.409612000    -0.009395000
0.926774000    -0.013929000
0.356451000    -0.018235000
99 0
END
RHF
SHRINK
32 32
END
