  8.3933626205904E-02 -1.9052530537611E-02 -1.9052530537611E-02 -1.9052538734308E-02
 -1.9052538734308E-02  1.9594836598814E-02  1.9594836598814E-02  1.9594834087638E-02
  1.9594834087638E-02  8.3933626205904E-02 -1.9052530537611E-02 -1.9052530537611E-02
 -1.9052538734308E-02 -1.9052538734308E-02  1.9594836598814E-02  1.9594836598814E-02
  1.9594834087638E-02  1.9594834087638E-02  8.3933626205904E-02 -1.9052538734308E-02
 -1.9052538734308E-02 -1.9052530537611E-02 -1.9052530537611E-02  1.9594834087638E-02
  1.9594834087638E-02  1.9594836598814E-02  1.9594836598814E-02  8.3933626205904E-02
 -1.9052538734308E-02 -1.9052538734308E-02 -1.9052530537611E-02 -1.9052530537611E-02
  1.9594834087638E-02  1.9594834087638E-02  1.9594836598814E-02  1.9594836598814E-02
 -1.5562896724361E-01  4.3880701504864E-02  4.3880701504897E-02  4.3880715216868E-02
  4.3880715216853E-02 -3.3115615584983E-02 -3.3115615584998E-02 -3.3115613122757E-02
 -3.3115613122775E-02  3.6400323938565E-03  3.6400323938565E-03  3.6400522502902E-03
  3.6400522502902E-03 -1.5562896724361E-01  4.3880701504864E-02  4.3880701504897E-02
  4.3880715216868E-02  4.3880715216853E-02 -3.3115615584983E-02 -3.3115615584998E-02
 -3.3115613122757E-02 -3.3115613122775E-02  3.6400323938565E-03  3.6400323938565E-03
  3.6400522502902E-03  3.6400522502902E-03 -1.5562896724361E-01  4.3880701504897E-02
  4.3880701504864E-02  4.3880715216853E-02  4.3880715216868E-02 -3.3115615584998E-02
 -3.3115615584983E-02 -3.3115613122775E-02 -3.3115613122757E-02  3.6400323938565E-03
  3.6400323938565E-03  3.6400522502902E-03  3.6400522502902E-03 -1.5562896724361E-01
  4.3880701504897E-02  4.3880701504864E-02  4.3880715216853E-02  4.3880715216868E-02
 -3.3115615584998E-02 -3.3115615584983E-02 -3.3115613122775E-02 -3.3115613122757E-02
  3.6400323938565E-03  3.6400323938565E-03  3.6400522502902E-03  3.6400522502902E-03
 -1.5562896724361E-01  4.3880715216853E-02  4.3880715216868E-02  4.3880701504864E-02
  4.3880701504897E-02 -3.3115613122757E-02 -3.3115613122775E-02 -3.3115615584998E-02
 -3.3115615584983E-02  3.6400522502902E-03  3.6400522502902E-03  3.6400323938565E-03
  3.6400323938565E-03 -1.5562896724361E-01  4.3880715216853E-02  4.3880715216868E-02
  4.3880701504864E-02  4.3880701504897E-02 -3.3115613122757E-02 -3.3115613122775E-02
 -3.3115615584998E-02 -3.3115615584983E-02  3.6400522502902E-03  3.6400522502902E-03
  3.6400323938565E-03  3.6400323938565E-03 -1.5562896724361E-01  4.3880715216868E-02
  4.3880715216853E-02  4.3880701504897E-02  4.3880701504864E-02 -3.3115613122775E-02
 -3.3115613122757E-02 -3.3115615584983E-02 -3.3115615584998E-02  3.6400522502902E-03
  3.6400522502902E-03  3.6400323938565E-03  3.6400323938565E-03 -1.5562896724361E-01
  4.3880715216868E-02  4.3880715216853E-02  4.3880701504897E-02  4.3880701504864E-02
 -3.3115613122775E-02 -3.3115613122757E-02 -3.3115615584983E-02 -3.3115615584998E-02
  3.6400522502902E-03  3.6400522502902E-03  3.6400323938565E-03  3.6400323938565E-03
  4.4080511507120E-01 -8.7156581607365E-02 -8.7156581607365E-02 -8.7156583732391E-02
 -8.7156583732391E-02  4.1614262116998E-02  4.1614262116998E-02  4.1614261124610E-02
  4.1614261124610E-02  3.0623111512402E-03  3.0623111512402E-03  3.0623077065067E-03
  3.0623077065067E-03 -5.6016843335880E-02 -5.6016843335880E-02 -5.6016843335880E-02
 -5.6016843335880E-02 -5.6016845285310E-02 -5.6016845285310E-02 -5.6016845285310E-02
 -5.6016845285310E-02  4.4080511507120E-01 -8.7156581607365E-02 -8.7156581607365E-02
 -8.7156583732391E-02 -8.7156583732391E-02  4.1614262116998E-02  4.1614262116998E-02
  4.1614261124610E-02  4.1614261124610E-02  3.0623111512402E-03  3.0623111512402E-03
  3.0623077065067E-03  3.0623077065067E-03 -5.6016843335880E-02 -5.6016843335880E-02
 -5.6016843335880E-02 -5.6016843335880E-02 -5.6016845285310E-02 -5.6016845285310E-02
 -5.6016845285310E-02 -5.6016845285310E-02  4.4080511507120E-01 -8.7156583732391E-02
 -8.7156583732391E-02 -8.7156581607365E-02 -8.7156581607365E-02  4.1614261124610E-02
  4.1614261124610E-02  4.1614262116998E-02  4.1614262116998E-02  3.0623077065067E-03
  3.0623077065067E-03  3.0623111512402E-03  3.0623111512402E-03 -5.6016845285310E-02
 -5.6016845285310E-02 -5.6016845285310E-02 -5.6016845285310E-02 -5.6016843335880E-02
 -5.6016843335880E-02 -5.6016843335880E-02 -5.6016843335880E-02  4.4080511507120E-01
 -8.7156583732391E-02 -8.7156583732391E-02 -8.7156581607365E-02 -8.7156581607365E-02
  4.1614261124610E-02  4.1614261124610E-02  4.1614262116998E-02  4.1614262116998E-02
  3.0623077065067E-03  3.0623077065067E-03  3.0623111512402E-03  3.0623111512402E-03
 -5.6016845285310E-02 -5.6016845285310E-02 -5.6016845285310E-02 -5.6016845285310E-02
 -5.6016843335880E-02 -5.6016843335880E-02 -5.6016843335880E-02 -5.6016843335880E-02
  1.4072429561149E-01 -3.5884365217755E-02 -3.5884365217774E-02 -3.5884379538543E-02
 -3.5884379538535E-02  3.0213599316804E-02  3.0213599316812E-02  3.0213596272251E-02
  3.0213596272259E-02  1.4072429561149E-01 -3.5884365217755E-02 -3.5884365217774E-02
 -3.5884379538543E-02 -3.5884379538535E-02  3.0213599316804E-02  3.0213599316812E-02
  3.0213596272251E-02  3.0213596272259E-02  1.4072429561149E-01 -3.5884365217774E-02
 -3.5884365217755E-02 -3.5884379538535E-02 -3.5884379538543E-02  3.0213599316812E-02
  3.0213599316804E-02  3.0213596272259E-02  3.0213596272251E-02  1.4072429561149E-01
 -3.5884365217774E-02 -3.5884365217755E-02 -3.5884379538535E-02 -3.5884379538543E-02
  3.0213599316812E-02  3.0213599316804E-02  3.0213596272259E-02  3.0213596272251E-02
  1.4072429561149E-01 -3.5884379538535E-02 -3.5884379538543E-02 -3.5884365217755E-02
 -3.5884365217774E-02  3.0213596272251E-02  3.0213596272259E-02  3.0213599316812E-02
  3.0213599316804E-02  1.4072429561149E-01 -3.5884379538535E-02 -3.5884379538543E-02
 -3.5884365217755E-02 -3.5884365217774E-02  3.0213596272251E-02  3.0213596272259E-02
  3.0213599316812E-02  3.0213599316804E-02  1.4072429561149E-01 -3.5884379538543E-02
 -3.5884379538535E-02 -3.5884365217774E-02 -3.5884365217755E-02  3.0213596272259E-02
  3.0213596272251E-02  3.0213599316804E-02  3.0213599316812E-02  1.4072429561149E-01
 -3.5884379538543E-02 -3.5884379538535E-02 -3.5884365217774E-02 -3.5884365217755E-02
  3.0213596272259E-02  3.0213596272251E-02  3.0213599316804E-02  3.0213599316812E-02
 -3.5099346629208E-01  7.3963627755944E-02  7.3963627755916E-02  7.3963641485551E-02
  7.3963641485564E-02 -4.2530838824091E-02 -4.2530838824078E-02 -4.2530836616155E-02
 -4.2530836616139E-02  5.6673563558862E-04  5.6673563558862E-04  5.6675547215693E-04
  5.6675547215693E-04 -3.5099346629208E-01  7.3963627755944E-02  7.3963627755916E-02
  7.3963641485551E-02  7.3963641485564E-02 -4.2530838824091E-02 -4.2530838824078E-02
 -4.2530836616155E-02 -4.2530836616139E-02  5.6673563558862E-04  5.6673563558862E-04
  5.6675547215693E-04  5.6675547215693E-04 -3.5099346629208E-01  7.3963627755916E-02
  7.3963627755944E-02  7.3963641485564E-02  7.3963641485551E-02 -4.2530838824078E-02
 -4.2530838824091E-02 -4.2530836616139E-02 -4.2530836616155E-02  5.6673563558862E-04
  5.6673563558862E-04  5.6675547215693E-04  5.6675547215693E-04 -3.5099346629208E-01
  7.3963627755916E-02  7.3963627755944E-02  7.3963641485564E-02  7.3963641485551E-02
 -4.2530838824078E-02 -4.2530838824091E-02 -4.2530836616139E-02 -4.2530836616155E-02
  5.6673563558862E-04  5.6673563558862E-04  5.6675547215693E-04  5.6675547215693E-04
 -3.5099346629208E-01  7.3963641485564E-02  7.3963641485551E-02  7.3963627755944E-02
  7.3963627755916E-02 -4.2530836616155E-02 -4.2530836616139E-02 -4.2530838824078E-02
 -4.2530838824091E-02  5.6675547215693E-04  5.6675547215693E-04  5.6673563558862E-04
  5.6673563558862E-04 -3.5099346629208E-01  7.3963641485564E-02  7.3963641485551E-02
  7.3963627755944E-02  7.3963627755916E-02 -4.2530836616155E-02 -4.2530836616139E-02
 -4.2530838824078E-02 -4.2530838824091E-02  5.6675547215693E-04  5.6675547215693E-04
  5.6673563558862E-04  5.6673563558862E-04 -3.5099346629208E-01  7.3963641485551E-02
  7.3963641485564E-02  7.3963627755916E-02  7.3963627755944E-02 -4.2530836616139E-02
 -4.2530836616155E-02 -4.2530838824091E-02 -4.2530838824078E-02  5.6675547215693E-04
  5.6675547215693E-04  5.6673563558862E-04  5.6673563558862E-04 -3.5099346629208E-01
  7.3963641485551E-02  7.3963641485564E-02  7.3963627755916E-02  7.3963627755944E-02
 -4.2530836616139E-02 -4.2530836616155E-02 -4.2530838824091E-02 -4.2530838824078E-02
  5.6675547215693E-04  5.6675547215693E-04  5.6673563558862E-04  5.6673563558862E-04
  2.8939650456386E-01 -6.2090248041293E-02 -6.2090248041293E-02 -6.2090267996626E-02
 -6.2090267996626E-02  4.1564940584484E-02  4.1564940584484E-02  4.1564937318990E-02
  4.1564937318990E-02  2.8939650456386E-01 -6.2090248041293E-02 -6.2090248041293E-02
 -6.2090267996626E-02 -6.2090267996626E-02  4.1564940584484E-02  4.1564940584484E-02
  4.1564937318990E-02  4.1564937318990E-02  2.8939650456386E-01 -6.2090267996626E-02
 -6.2090267996626E-02 -6.2090248041293E-02 -6.2090248041293E-02  4.1564937318990E-02
  4.1564937318990E-02  4.1564940584484E-02  4.1564940584484E-02  2.8939650456386E-01
 -6.2090267996626E-02 -6.2090267996626E-02 -6.2090248041293E-02 -6.2090248041293E-02
  4.1564937318990E-02  4.1564937318990E-02  4.1564940584484E-02  4.1564940584484E-02
 -2.7020371382269E-02 -2.7020370070605E-02 -2.7020370070601E-02 -2.7020371382263E-02
  1.8492359348906E-02  1.8492370718623E-02  1.8492372045222E-02  1.8492360675491E-02
  1.8492360675491E-02  1.8492372045217E-02  1.8492359348898E-02  1.8492370718638E-02
 -2.7020371382269E-02 -2.7020370070605E-02 -2.7020370070601E-02 -2.7020371382263E-02
  1.8492359348906E-02  1.8492370718623E-02  1.8492372045222E-02  1.8492360675491E-02
  1.8492360675491E-02  1.8492372045217E-02  1.8492359348898E-02  1.8492370718638E-02
 -2.7020371382269E-02 -2.7020370070605E-02 -2.7020370070601E-02 -2.7020371382263E-02
  1.8492359348906E-02  1.8492370718623E-02  1.8492372045222E-02  1.8492360675491E-02
  1.8492360675491E-02  1.8492372045217E-02  1.8492359348898E-02  1.8492370718638E-02
 -2.7020371382269E-02 -2.7020370070605E-02 -2.7020370070601E-02 -2.7020371382263E-02
  1.8492359348906E-02  1.8492370718623E-02  1.8492372045222E-02  1.8492360675491E-02
  1.8492360675491E-02  1.8492372045217E-02  1.8492359348898E-02  1.8492370718638E-02
  5.1657598687314E-02  5.1657597623849E-02  5.1657597623869E-02  5.1657598687296E-02
 -3.3581291661377E-02 -3.3581295358048E-02 -3.3581296437674E-02 -3.3581292740992E-02
 -3.3581292740999E-02 -3.3581296437665E-02 -3.3581291661379E-02 -3.3581295358056E-02
  5.1657598687314E-02  5.1657597623849E-02  5.1657597623869E-02  5.1657598687296E-02
 -3.3581291661377E-02 -3.3581295358048E-02 -3.3581296437674E-02 -3.3581292740992E-02
 -3.3581292740999E-02 -3.3581296437665E-02 -3.3581291661379E-02 -3.3581295358056E-02
  5.1657598687314E-02  5.1657597623849E-02  5.1657597623869E-02  5.1657598687296E-02
 -3.3581291661377E-02 -3.3581295358048E-02 -3.3581296437674E-02 -3.3581292740992E-02
 -3.3581292740999E-02 -3.3581296437665E-02 -3.3581291661379E-02 -3.3581295358056E-02
  5.1657598687314E-02  5.1657597623849E-02  5.1657597623869E-02  5.1657598687296E-02
 -3.3581291661377E-02 -3.3581295358048E-02 -3.3581296437674E-02 -3.3581292740992E-02
 -3.3581292740999E-02 -3.3581296437665E-02 -3.3581291661379E-02 -3.3581295358056E-02
  5.1657598687314E-02  5.1657597623849E-02  5.1657597623869E-02  5.1657598687296E-02
 -3.3581291661377E-02 -3.3581295358048E-02 -3.3581296437674E-02 -3.3581292740992E-02
 -3.3581292740999E-02 -3.3581296437665E-02 -3.3581291661379E-02 -3.3581295358056E-02
  5.1657598687314E-02  5.1657597623849E-02  5.1657597623869E-02  5.1657598687296E-02
 -3.3581291661377E-02 -3.3581295358048E-02 -3.3581296437674E-02 -3.3581292740992E-02
 -3.3581292740999E-02 -3.3581296437665E-02 -3.3581291661379E-02 -3.3581295358056E-02
  5.1657598687314E-02  5.1657597623849E-02  5.1657597623869E-02  5.1657598687296E-02
 -3.3581291661377E-02 -3.3581295358048E-02 -3.3581296437674E-02 -3.3581292740992E-02
 -3.3581292740999E-02 -3.3581296437665E-02 -3.3581291661379E-02 -3.3581295358056E-02
  5.1657598687314E-02  5.1657597623849E-02  5.1657597623869E-02  5.1657598687296E-02
 -3.3581291661377E-02 -3.3581295358048E-02 -3.3581296437674E-02 -3.3581292740992E-02
 -3.3581292740999E-02 -3.3581296437665E-02 -3.3581291661379E-02 -3.3581295358056E-02
 -4.6591062510323E-02 -4.6591061049445E-02 -4.6591061049455E-02 -4.6591062510308E-02
  3.0872109643148E-02  3.0872120301770E-02  3.0872121780846E-02  3.0872111122208E-02
  3.0872111122211E-02  3.0872121780837E-02  3.0872109643143E-02  3.0872120301786E-02
 -4.6591062510323E-02 -4.6591061049445E-02 -4.6591061049455E-02 -4.6591062510308E-02
  3.0872109643148E-02  3.0872120301770E-02  3.0872121780846E-02  3.0872111122208E-02
  3.0872111122211E-02  3.0872121780837E-02  3.0872109643143E-02  3.0872120301786E-02
 -4.6591062510323E-02 -4.6591061049445E-02 -4.6591061049455E-02 -4.6591062510308E-02
  3.0872109643148E-02  3.0872120301770E-02  3.0872121780846E-02  3.0872111122208E-02
  3.0872111122211E-02  3.0872121780837E-02  3.0872109643143E-02  3.0872120301786E-02
 -4.6591062510323E-02 -4.6591061049445E-02 -4.6591061049455E-02 -4.6591062510308E-02
  3.0872109643148E-02  3.0872120301770E-02  3.0872121780846E-02  3.0872111122208E-02
  3.0872111122211E-02  3.0872121780837E-02  3.0872109643143E-02  3.0872120301786E-02
 -4.6591062510323E-02 -4.6591061049445E-02 -4.6591061049455E-02 -4.6591062510308E-02
  3.0872109643148E-02  3.0872120301770E-02  3.0872121780846E-02  3.0872111122208E-02
  3.0872111122211E-02  3.0872121780837E-02  3.0872109643143E-02  3.0872120301786E-02
 -4.6591062510323E-02 -4.6591061049445E-02 -4.6591061049455E-02 -4.6591062510308E-02
  3.0872109643148E-02  3.0872120301770E-02  3.0872121780846E-02  3.0872111122208E-02
  3.0872111122211E-02  3.0872121780837E-02  3.0872109643143E-02  3.0872120301786E-02
 -4.6591062510323E-02 -4.6591061049445E-02 -4.6591061049455E-02 -4.6591062510308E-02
  3.0872109643148E-02  3.0872120301770E-02  3.0872121780846E-02  3.0872111122208E-02
  3.0872111122211E-02  3.0872121780837E-02  3.0872109643143E-02  3.0872120301786E-02
 -4.6591062510323E-02 -4.6591061049445E-02 -4.6591061049455E-02 -4.6591062510308E-02
  3.0872109643148E-02  3.0872120301770E-02  3.0872121780846E-02  3.0872111122208E-02
  3.0872111122211E-02  3.0872121780837E-02  3.0872109643143E-02  3.0872120301786E-02
 -3.8612747307216E-02 -3.8612746925705E-02 -3.8612746925709E-02 -3.8612747307213E-02
  3.7508829229194E-02  3.7508829542341E-02  3.7508829930784E-02  3.7508829617635E-02
  3.7508829617635E-02  3.7508829930782E-02  3.7508829229194E-02  3.7508829542343E-02
 -9.6198850721124E-03 -9.6198846906068E-03 -9.6198846906048E-03 -9.6198850721132E-03
 -3.8612747307216E-02 -3.8612746925705E-02 -3.8612746925709E-02 -3.8612747307213E-02
  3.7508829229194E-02  3.7508829542341E-02  3.7508829930784E-02  3.7508829617635E-02
  3.7508829617635E-02  3.7508829930782E-02  3.7508829229194E-02  3.7508829542343E-02
 -9.6198850721124E-03 -9.6198846906068E-03 -9.6198846906048E-03 -9.6198850721132E-03
 -3.8612747307216E-02 -3.8612746925705E-02 -3.8612746925709E-02 -3.8612747307213E-02
  3.7508829229194E-02  3.7508829542341E-02  3.7508829930784E-02  3.7508829617635E-02
  3.7508829617635E-02  3.7508829930782E-02  3.7508829229194E-02  3.7508829542343E-02
 -9.6198850721124E-03 -9.6198846906068E-03 -9.6198846906048E-03 -9.6198850721132E-03
 -3.8612747307216E-02 -3.8612746925705E-02 -3.8612746925709E-02 -3.8612747307213E-02
  3.7508829229194E-02  3.7508829542341E-02  3.7508829930784E-02  3.7508829617635E-02
  3.7508829617635E-02  3.7508829930782E-02  3.7508829229194E-02  3.7508829542343E-02
 -9.6198850721124E-03 -9.6198846906068E-03 -9.6198846906048E-03 -9.6198850721132E-03
  5.3033797096118E-02  5.3033796160807E-02  5.3033796160827E-02  5.3033797096101E-02
 -4.3134980780829E-02 -4.3134984222072E-02 -4.3134985171232E-02 -4.3134981729979E-02
 -4.3134981729985E-02 -4.3134985171224E-02 -4.3134980780831E-02 -4.3134984222080E-02
  5.3033797096118E-02  5.3033796160807E-02  5.3033796160827E-02  5.3033797096101E-02
 -4.3134980780829E-02 -4.3134984222072E-02 -4.3134985171232E-02 -4.3134981729979E-02
 -4.3134981729985E-02 -4.3134985171224E-02 -4.3134980780831E-02 -4.3134984222080E-02
  5.3033797096118E-02  5.3033796160807E-02  5.3033796160827E-02  5.3033797096101E-02
 -4.3134980780829E-02 -4.3134984222072E-02 -4.3134985171232E-02 -4.3134981729979E-02
 -4.3134981729985E-02 -4.3134985171224E-02 -4.3134980780831E-02 -4.3134984222080E-02
  5.3033797096118E-02  5.3033796160807E-02  5.3033796160827E-02  5.3033797096101E-02
 -4.3134980780829E-02 -4.3134984222072E-02 -4.3134985171232E-02 -4.3134981729979E-02
 -4.3134981729985E-02 -4.3134985171224E-02 -4.3134980780831E-02 -4.3134984222080E-02
  5.3033797096118E-02  5.3033796160807E-02  5.3033796160827E-02  5.3033797096101E-02
 -4.3134980780829E-02 -4.3134984222072E-02 -4.3134985171232E-02 -4.3134981729979E-02
 -4.3134981729985E-02 -4.3134985171224E-02 -4.3134980780831E-02 -4.3134984222080E-02
  5.3033797096118E-02  5.3033796160807E-02  5.3033796160827E-02  5.3033797096101E-02
 -4.3134980780829E-02 -4.3134984222072E-02 -4.3134985171232E-02 -4.3134981729979E-02
 -4.3134981729985E-02 -4.3134985171224E-02 -4.3134980780831E-02 -4.3134984222080E-02
  5.3033797096118E-02  5.3033796160807E-02  5.3033796160827E-02  5.3033797096101E-02
 -4.3134980780829E-02 -4.3134984222072E-02 -4.3134985171232E-02 -4.3134981729979E-02
 -4.3134981729985E-02 -4.3134985171224E-02 -4.3134980780831E-02 -4.3134984222080E-02
  5.3033797096118E-02  5.3033796160807E-02  5.3033796160827E-02  5.3033797096101E-02
 -4.3134980780829E-02 -4.3134984222072E-02 -4.3134985171232E-02 -4.3134981729979E-02
 -4.3134981729985E-02 -4.3134985171224E-02 -4.3134980780831E-02 -4.3134984222080E-02
 -5.8673236146264E-02 -5.8673234647719E-02 -5.8673234647740E-02 -5.8673236146242E-02
  4.4507635625043E-02  4.4507645583761E-02  4.4507647101247E-02  4.4507637142509E-02
  4.4507637142516E-02  4.4507647101234E-02  4.4507635625040E-02  4.4507645583778E-02
 -5.8673236146264E-02 -5.8673234647719E-02 -5.8673234647740E-02 -5.8673236146242E-02
  4.4507635625043E-02  4.4507645583761E-02  4.4507647101247E-02  4.4507637142509E-02
  4.4507637142516E-02  4.4507647101234E-02  4.4507635625040E-02  4.4507645583778E-02
 -5.8673236146264E-02 -5.8673234647719E-02 -5.8673234647740E-02 -5.8673236146242E-02
  4.4507635625043E-02  4.4507645583761E-02  4.4507647101247E-02  4.4507637142509E-02
  4.4507637142516E-02  4.4507647101234E-02  4.4507635625040E-02  4.4507645583778E-02
 -5.8673236146264E-02 -5.8673234647719E-02 -5.8673234647740E-02 -5.8673236146242E-02
  4.4507635625043E-02  4.4507645583761E-02  4.4507647101247E-02  4.4507637142509E-02
  4.4507637142516E-02  4.4507647101234E-02  4.4507635625040E-02  4.4507645583778E-02
  5.0808299352395E-03  5.0808299352647E-03 -6.3240437914543E-03 -6.3240379563774E-03
 -6.3240379563709E-03 -6.3240437914879E-03  9.7621852538060E-03  9.7621852538020E-03
  5.0808299352395E-03  5.0808299352647E-03 -6.3240437914543E-03 -6.3240379563774E-03
 -6.3240379563709E-03 -6.3240437914879E-03  9.7621852538060E-03  9.7621852538020E-03
  5.0808299352395E-03  5.0808299352647E-03 -6.3240437914543E-03 -6.3240379563774E-03
 -6.3240379563709E-03 -6.3240437914879E-03  9.7621852538060E-03  9.7621852538020E-03
  5.0808299352395E-03  5.0808299352647E-03 -6.3240437914543E-03 -6.3240379563774E-03
 -6.3240379563709E-03 -6.3240437914879E-03  9.7621852538060E-03  9.7621852538020E-03
  5.0808299352395E-03  5.0808299352647E-03 -6.3240437914543E-03 -6.3240379563774E-03
 -6.3240379563709E-03 -6.3240437914879E-03  9.7621852538060E-03  9.7621852538020E-03
  5.0808299352395E-03  5.0808299352647E-03 -6.3240437914543E-03 -6.3240379563774E-03
 -6.3240379563709E-03 -6.3240437914879E-03  9.7621852538060E-03  9.7621852538020E-03
  5.0808299352395E-03  5.0808299352647E-03 -6.3240437914543E-03 -6.3240379563774E-03
 -6.3240379563709E-03 -6.3240437914879E-03  9.7621852538060E-03  9.7621852538020E-03
  5.0808299352395E-03  5.0808299352647E-03 -6.3240437914543E-03 -6.3240379563774E-03
 -6.3240379563709E-03 -6.3240437914879E-03  9.7621852538060E-03  9.7621852538020E-03
 -9.0580156224987E-03 -9.0580156225006E-03  2.0340931733456E-02  2.0340926639573E-02
  2.0340926639579E-02  2.0340931733476E-02 -2.3055727112524E-02 -2.3055727112500E-02
 -1.3664519720683E-02 -1.3664514626786E-02 -1.3664519720691E-02 -1.3664514626807E-02
 -9.0580156224987E-03 -9.0580156225006E-03  2.0340931733456E-02  2.0340926639573E-02
  2.0340926639579E-02  2.0340931733476E-02 -2.3055727112524E-02 -2.3055727112500E-02
 -1.3664519720683E-02 -1.3664514626786E-02 -1.3664519720691E-02 -1.3664514626807E-02
 -9.0580156224987E-03 -9.0580156225006E-03  2.0340931733456E-02  2.0340926639573E-02
  2.0340926639579E-02  2.0340931733476E-02 -2.3055727112524E-02 -2.3055727112500E-02
 -1.3664519720683E-02 -1.3664514626786E-02 -1.3664519720691E-02 -1.3664514626807E-02
 -9.0580156224987E-03 -9.0580156225006E-03  2.0340931733456E-02  2.0340926639573E-02
  2.0340926639579E-02  2.0340931733476E-02 -2.3055727112524E-02 -2.3055727112500E-02
 -1.3664519720683E-02 -1.3664514626786E-02 -1.3664519720691E-02 -1.3664514626807E-02
 -9.0580156224987E-03 -9.0580156225006E-03  2.0340931733456E-02  2.0340926639573E-02
  2.0340926639579E-02  2.0340931733476E-02 -2.3055727112524E-02 -2.3055727112500E-02
 -1.3664519720683E-02 -1.3664514626786E-02 -1.3664519720691E-02 -1.3664514626807E-02
 -9.0580156224987E-03 -9.0580156225006E-03  2.0340931733456E-02  2.0340926639573E-02
  2.0340926639579E-02  2.0340931733476E-02 -2.3055727112524E-02 -2.3055727112500E-02
 -1.3664519720683E-02 -1.3664514626786E-02 -1.3664519720691E-02 -1.3664514626807E-02
 -9.0580156224987E-03 -9.0580156225006E-03  2.0340931733456E-02  2.0340926639573E-02
  2.0340926639579E-02  2.0340931733476E-02 -2.3055727112524E-02 -2.3055727112500E-02
 -1.3664519720683E-02 -1.3664514626786E-02 -1.3664519720691E-02 -1.3664514626807E-02
 -9.0580156224987E-03 -9.0580156225006E-03  2.0340931733456E-02  2.0340926639573E-02
  2.0340926639579E-02  2.0340931733476E-02 -2.3055727112524E-02 -2.3055727112500E-02
 -1.3664519720683E-02 -1.3664514626786E-02 -1.3664519720691E-02 -1.3664514626807E-02
  8.6212175844708E-03  8.6212175844925E-03 -1.5874301099399E-02 -1.5874294394046E-02
 -1.5874294394046E-02 -1.5874301099434E-02  1.9480421365295E-02  1.9480421365281E-02
  8.6212175844708E-03  8.6212175844925E-03 -1.5874301099399E-02 -1.5874294394046E-02
 -1.5874294394046E-02 -1.5874301099434E-02  1.9480421365295E-02  1.9480421365281E-02
  8.6212175844708E-03  8.6212175844925E-03 -1.5874301099399E-02 -1.5874294394046E-02
 -1.5874294394046E-02 -1.5874301099434E-02  1.9480421365295E-02  1.9480421365281E-02
  8.6212175844708E-03  8.6212175844925E-03 -1.5874301099399E-02 -1.5874294394046E-02
 -1.5874294394046E-02 -1.5874301099434E-02  1.9480421365295E-02  1.9480421365281E-02
  8.6212175844708E-03  8.6212175844925E-03 -1.5874301099399E-02 -1.5874294394046E-02
 -1.5874294394046E-02 -1.5874301099434E-02  1.9480421365295E-02  1.9480421365281E-02
  8.6212175844708E-03  8.6212175844925E-03 -1.5874301099399E-02 -1.5874294394046E-02
 -1.5874294394046E-02 -1.5874301099434E-02  1.9480421365295E-02  1.9480421365281E-02
  8.6212175844708E-03  8.6212175844925E-03 -1.5874301099399E-02 -1.5874294394046E-02
 -1.5874294394046E-02 -1.5874301099434E-02  1.9480421365295E-02  1.9480421365281E-02
  8.6212175844708E-03  8.6212175844925E-03 -1.5874301099399E-02 -1.5874294394046E-02
 -1.5874294394046E-02 -1.5874301099434E-02  1.9480421365295E-02  1.9480421365281E-02
 -9.0580229148616E-03 -9.0580229149306E-03  2.0340929002336E-02  2.0340923653369E-02
  2.0340923653380E-02  2.0340929002352E-02 -2.3055742549874E-02 -2.3055742549902E-02
 -1.3664517062517E-02 -1.3664511713542E-02 -1.3664517062509E-02 -1.3664511713546E-02
 -9.0580229148616E-03 -9.0580229149306E-03  2.0340929002336E-02  2.0340923653369E-02
  2.0340923653380E-02  2.0340929002352E-02 -2.3055742549874E-02 -2.3055742549902E-02
 -1.3664517062517E-02 -1.3664511713542E-02 -1.3664517062509E-02 -1.3664511713546E-02
 -9.0580229148616E-03 -9.0580229149306E-03  2.0340929002336E-02  2.0340923653369E-02
  2.0340923653380E-02  2.0340929002352E-02 -2.3055742549874E-02 -2.3055742549902E-02
 -1.3664517062517E-02 -1.3664511713542E-02 -1.3664517062509E-02 -1.3664511713546E-02
 -9.0580229148616E-03 -9.0580229149306E-03  2.0340929002336E-02  2.0340923653369E-02
  2.0340923653380E-02  2.0340929002352E-02 -2.3055742549874E-02 -2.3055742549902E-02
 -1.3664517062517E-02 -1.3664511713542E-02 -1.3664517062509E-02 -1.3664511713546E-02
 -9.0580229148616E-03 -9.0580229149306E-03  2.0340929002336E-02  2.0340923653369E-02
  2.0340923653380E-02  2.0340929002352E-02 -2.3055742549874E-02 -2.3055742549902E-02
 -1.3664517062517E-02 -1.3664511713542E-02 -1.3664517062509E-02 -1.3664511713546E-02
 -9.0580229148616E-03 -9.0580229149306E-03  2.0340929002336E-02  2.0340923653369E-02
  2.0340923653380E-02  2.0340929002352E-02 -2.3055742549874E-02 -2.3055742549902E-02
 -1.3664517062517E-02 -1.3664511713542E-02 -1.3664517062509E-02 -1.3664511713546E-02
 -9.0580229148616E-03 -9.0580229149306E-03  2.0340929002336E-02  2.0340923653369E-02
  2.0340923653380E-02  2.0340929002352E-02 -2.3055742549874E-02 -2.3055742549902E-02
 -1.3664517062517E-02 -1.3664511713542E-02 -1.3664517062509E-02 -1.3664511713546E-02
 -9.0580229148616E-03 -9.0580229149306E-03  2.0340929002336E-02  2.0340923653369E-02
  2.0340923653380E-02  2.0340929002352E-02 -2.3055742549874E-02 -2.3055742549902E-02
 -1.3664517062517E-02 -1.3664511713542E-02 -1.3664517062509E-02 -1.3664511713546E-02
  8.6212207545217E-03  8.6212207545771E-03 -1.5874300830287E-02 -1.5874293978900E-02
 -1.5874293978900E-02 -1.5874300830322E-02  1.9480429951143E-02  1.9480429951153E-02
  8.6212207545217E-03  8.6212207545771E-03 -1.5874300830287E-02 -1.5874293978900E-02
 -1.5874293978900E-02 -1.5874300830322E-02  1.9480429951143E-02  1.9480429951153E-02
  8.6212207545217E-03  8.6212207545771E-03 -1.5874300830287E-02 -1.5874293978900E-02
 -1.5874293978900E-02 -1.5874300830322E-02  1.9480429951143E-02  1.9480429951153E-02
  8.6212207545217E-03  8.6212207545771E-03 -1.5874300830287E-02 -1.5874293978900E-02
 -1.5874293978900E-02 -1.5874300830322E-02  1.9480429951143E-02  1.9480429951153E-02
  8.6212207545217E-03  8.6212207545771E-03 -1.5874300830287E-02 -1.5874293978900E-02
 -1.5874293978900E-02 -1.5874300830322E-02  1.9480429951143E-02  1.9480429951153E-02
  8.6212207545217E-03  8.6212207545771E-03 -1.5874300830287E-02 -1.5874293978900E-02
 -1.5874293978900E-02 -1.5874300830322E-02  1.9480429951143E-02  1.9480429951153E-02
  8.6212207545217E-03  8.6212207545771E-03 -1.5874300830287E-02 -1.5874293978900E-02
 -1.5874293978900E-02 -1.5874300830322E-02  1.9480429951143E-02  1.9480429951153E-02
  8.6212207545217E-03  8.6212207545771E-03 -1.5874300830287E-02 -1.5874293978900E-02
 -1.5874293978900E-02 -1.5874300830322E-02  1.9480429951143E-02  1.9480429951153E-02
  1.1479561609411E-01  1.1479561609412E-01 -5.4383653977200E-02 -5.4383651971000E-02
 -5.4383651971004E-02 -5.4383653977203E-02  1.9981513486044E-02  1.9981513486046E-02
  2.4411202107769E-02  2.4411200101568E-02  2.4411202107768E-02  2.4411200101570E-02
 -8.2361452188564E-03 -8.2361452188564E-03 -8.2361452188538E-03 -8.2361452188538E-03
  1.1479561609411E-01  1.1479561609412E-01 -5.4383653977200E-02 -5.4383651971000E-02
 -5.4383651971004E-02 -5.4383653977203E-02  1.9981513486044E-02  1.9981513486046E-02
  2.4411202107769E-02  2.4411200101568E-02  2.4411202107768E-02  2.4411200101570E-02
 -8.2361452188564E-03 -8.2361452188564E-03 -8.2361452188538E-03 -8.2361452188538E-03
  1.1479561609411E-01  1.1479561609412E-01 -5.4383653977200E-02 -5.4383651971000E-02
 -5.4383651971004E-02 -5.4383653977203E-02  1.9981513486044E-02  1.9981513486046E-02
  2.4411202107769E-02  2.4411200101568E-02  2.4411202107768E-02  2.4411200101570E-02
 -8.2361452188564E-03 -8.2361452188564E-03 -8.2361452188538E-03 -8.2361452188538E-03
  1.1479561609411E-01  1.1479561609412E-01 -5.4383653977200E-02 -5.4383651971000E-02
 -5.4383651971004E-02 -5.4383653977203E-02  1.9981513486044E-02  1.9981513486046E-02
  2.4411202107769E-02  2.4411200101568E-02  2.4411202107768E-02  2.4411200101570E-02
 -8.2361452188564E-03 -8.2361452188564E-03 -8.2361452188538E-03 -8.2361452188538E-03
  1.1479561609411E-01  1.1479561609412E-01 -5.4383653977200E-02 -5.4383651971000E-02
 -5.4383651971004E-02 -5.4383653977203E-02  1.9981513486044E-02  1.9981513486046E-02
  2.4411202107769E-02  2.4411200101568E-02  2.4411202107768E-02  2.4411200101570E-02
 -8.2361452188564E-03 -8.2361452188564E-03 -8.2361452188538E-03 -8.2361452188538E-03
  1.1479561609411E-01  1.1479561609412E-01 -5.4383653977200E-02 -5.4383651971000E-02
 -5.4383651971004E-02 -5.4383653977203E-02  1.9981513486044E-02  1.9981513486046E-02
  2.4411202107769E-02  2.4411200101568E-02  2.4411202107768E-02  2.4411200101570E-02
 -8.2361452188564E-03 -8.2361452188564E-03 -8.2361452188538E-03 -8.2361452188538E-03
  1.1479561609411E-01  1.1479561609412E-01 -5.4383653977200E-02 -5.4383651971000E-02
 -5.4383651971004E-02 -5.4383653977203E-02  1.9981513486044E-02  1.9981513486046E-02
  2.4411202107769E-02  2.4411200101568E-02  2.4411202107768E-02  2.4411200101570E-02
 -8.2361452188564E-03 -8.2361452188564E-03 -8.2361452188538E-03 -8.2361452188538E-03
  1.1479561609411E-01  1.1479561609412E-01 -5.4383653977200E-02 -5.4383651971000E-02
 -5.4383651971004E-02 -5.4383653977203E-02  1.9981513486044E-02  1.9981513486046E-02
  2.4411202107769E-02  2.4411200101568E-02  2.4411202107768E-02  2.4411200101570E-02
 -8.2361452188564E-03 -8.2361452188564E-03 -8.2361452188538E-03 -8.2361452188538E-03
 -7.4098606085525E-02 -7.4098606085589E-02  4.3693235843135E-02  4.3693231127635E-02
  4.3693231127646E-02  4.3693235843151E-02 -2.7151130056808E-02 -2.7151130056833E-02
 -2.2806822386550E-02 -2.2806817671041E-02 -2.2806822386542E-02 -2.2806817671046E-02
 -7.4098606085525E-02 -7.4098606085589E-02  4.3693235843135E-02  4.3693231127635E-02
  4.3693231127646E-02  4.3693235843151E-02 -2.7151130056808E-02 -2.7151130056833E-02
 -2.2806822386550E-02 -2.2806817671041E-02 -2.2806822386542E-02 -2.2806817671046E-02
 -7.4098606085525E-02 -7.4098606085589E-02  4.3693235843135E-02  4.3693231127635E-02
  4.3693231127646E-02  4.3693235843151E-02 -2.7151130056808E-02 -2.7151130056833E-02
 -2.2806822386550E-02 -2.2806817671041E-02 -2.2806822386542E-02 -2.2806817671046E-02
 -7.4098606085525E-02 -7.4098606085589E-02  4.3693235843135E-02  4.3693231127635E-02
  4.3693231127646E-02  4.3693235843151E-02 -2.7151130056808E-02 -2.7151130056833E-02
 -2.2806822386550E-02 -2.2806817671041E-02 -2.2806822386542E-02 -2.2806817671046E-02
 -7.4098606085525E-02 -7.4098606085589E-02  4.3693235843135E-02  4.3693231127635E-02
  4.3693231127646E-02  4.3693235843151E-02 -2.7151130056808E-02 -2.7151130056833E-02
 -2.2806822386550E-02 -2.2806817671041E-02 -2.2806822386542E-02 -2.2806817671046E-02
 -7.4098606085525E-02 -7.4098606085589E-02  4.3693235843135E-02  4.3693231127635E-02
  4.3693231127646E-02  4.3693235843151E-02 -2.7151130056808E-02 -2.7151130056833E-02
 -2.2806822386550E-02 -2.2806817671041E-02 -2.2806822386542E-02 -2.2806817671046E-02
 -7.4098606085525E-02 -7.4098606085589E-02  4.3693235843135E-02  4.3693231127635E-02
  4.3693231127646E-02  4.3693235843151E-02 -2.7151130056808E-02 -2.7151130056833E-02
 -2.2806822386550E-02 -2.2806817671041E-02 -2.2806822386542E-02 -2.2806817671046E-02
 -7.4098606085525E-02 -7.4098606085589E-02  4.3693235843135E-02  4.3693231127635E-02
  4.3693231127646E-02  4.3693235843151E-02 -2.7151130056808E-02 -2.7151130056833E-02
 -2.2806822386550E-02 -2.2806817671041E-02 -2.2806822386542E-02 -2.2806817671046E-02
 -7.4098598525729E-02 -7.4098598525734E-02  4.3693238580177E-02  4.3693234021443E-02
  4.3693234021450E-02  4.3693238580195E-02 -2.7151116828621E-02 -2.7151116828601E-02
 -2.2806825024023E-02 -2.2806820465278E-02 -2.2806825024030E-02 -2.2806820465297E-02
 -7.4098598525729E-02 -7.4098598525734E-02  4.3693238580177E-02  4.3693234021443E-02
  4.3693234021450E-02  4.3693238580195E-02 -2.7151116828621E-02 -2.7151116828601E-02
 -2.2806825024023E-02 -2.2806820465278E-02 -2.2806825024030E-02 -2.2806820465297E-02
 -7.4098598525729E-02 -7.4098598525734E-02  4.3693238580177E-02  4.3693234021443E-02
  4.3693234021450E-02  4.3693238580195E-02 -2.7151116828621E-02 -2.7151116828601E-02
 -2.2806825024023E-02 -2.2806820465278E-02 -2.2806825024030E-02 -2.2806820465297E-02
 -7.4098598525729E-02 -7.4098598525734E-02  4.3693238580177E-02  4.3693234021443E-02
  4.3693234021450E-02  4.3693238580195E-02 -2.7151116828621E-02 -2.7151116828601E-02
 -2.2806825024023E-02 -2.2806820465278E-02 -2.2806825024030E-02 -2.2806820465297E-02
 -7.4098598525729E-02 -7.4098598525734E-02  4.3693238580177E-02  4.3693234021443E-02
  4.3693234021450E-02  4.3693238580195E-02 -2.7151116828621E-02 -2.7151116828601E-02
 -2.2806825024023E-02 -2.2806820465278E-02 -2.2806825024030E-02 -2.2806820465297E-02
 -7.4098598525729E-02 -7.4098598525734E-02  4.3693238580177E-02  4.3693234021443E-02
  4.3693234021450E-02  4.3693238580195E-02 -2.7151116828621E-02 -2.7151116828601E-02
 -2.2806825024023E-02 -2.2806820465278E-02 -2.2806825024030E-02 -2.2806820465297E-02
 -7.4098598525729E-02 -7.4098598525734E-02  4.3693238580177E-02  4.3693234021443E-02
  4.3693234021450E-02  4.3693238580195E-02 -2.7151116828621E-02 -2.7151116828601E-02
 -2.2806825024023E-02 -2.2806820465278E-02 -2.2806825024030E-02 -2.2806820465297E-02
 -7.4098598525729E-02 -7.4098598525734E-02  4.3693238580177E-02  4.3693234021443E-02
  4.3693234021450E-02  4.3693238580195E-02 -2.7151116828621E-02 -2.7151116828601E-02
 -2.2806825024023E-02 -2.2806820465278E-02 -2.2806825024030E-02 -2.2806820465297E-02
  4.9644804694744E-02  4.9644804694793E-02 -3.4921854448183E-02 -3.4921847339309E-02
 -3.4921847339314E-02 -3.4921854448219E-02  2.8690577386518E-02  2.8690577386518E-02
  4.9644804694744E-02  4.9644804694793E-02 -3.4921854448183E-02 -3.4921847339309E-02
 -3.4921847339314E-02 -3.4921854448219E-02  2.8690577386518E-02  2.8690577386518E-02
  4.9644804694744E-02  4.9644804694793E-02 -3.4921854448183E-02 -3.4921847339309E-02
 -3.4921847339314E-02 -3.4921854448219E-02  2.8690577386518E-02  2.8690577386518E-02
  4.9644804694744E-02  4.9644804694793E-02 -3.4921854448183E-02 -3.4921847339309E-02
 -3.4921847339314E-02 -3.4921854448219E-02  2.8690577386518E-02  2.8690577386518E-02
  4.9644804694744E-02  4.9644804694793E-02 -3.4921854448183E-02 -3.4921847339309E-02
 -3.4921847339314E-02 -3.4921854448219E-02  2.8690577386518E-02  2.8690577386518E-02
  4.9644804694744E-02  4.9644804694793E-02 -3.4921854448183E-02 -3.4921847339309E-02
 -3.4921847339314E-02 -3.4921854448219E-02  2.8690577386518E-02  2.8690577386518E-02
  4.9644804694744E-02  4.9644804694793E-02 -3.4921854448183E-02 -3.4921847339309E-02
 -3.4921847339314E-02 -3.4921854448219E-02  2.8690577386518E-02  2.8690577386518E-02
  4.9644804694744E-02  4.9644804694793E-02 -3.4921854448183E-02 -3.4921847339309E-02
 -3.4921847339314E-02 -3.4921854448219E-02  2.8690577386518E-02  2.8690577386518E-02
