   4   4   1   6
  8.3122961502122E-01  0.0000000000000E+00  0.0000000000000E+00
  0.0000000000000E+00  8.3122961502122E-01  0.0000000000000E+00
  0.0000000000000E+00  0.0000000000000E+00  6.6498369201697E-03
          0          0          0          1          0          0          2          0
          0          1          1          0          2          1          0          2
          2          0
          1          0          1          0          0          1
          1          0          0          0          1          0          0          0
          1         -1          0          0          0         -1          0          0
          0          1          0          1          0         -1          0          0
          0          0          1          0         -1          0          1          0
          0          0          0          1          0          0          0          0
          0          0          0          0          0          0          0          0
          0          0          0          0          0          0          0          0
          0          0          0          0          0          0          0          0
          0          0          0          0          0          0          0          0
          0          0          0          0          0          0          0          0
          0          0          0          0          0          0          0          0
          0          0          0          0          0          0          0          0
          0          0          0          0          0          0          0          0
          0          0          0          0          0          0          0          0
          0          0          0          0          0          0          0          0
          0          0          0          0          0          0          0          0
          0          0          0          0          0          0          0          0
          0          0          0          0          0          0          0          0
          0          0          0          0          0          0          0          0
          0          0          0          0          0          0          0          0
          0          0          0          0          0          0          0          0
          0          0          0          0          0          0          0          0
          0          0          0          0          0          0          0          0
          0          0          0          0          0          0          0          0
          0          0          0          0          0          0          0          0
          0          0          0          0          0          0          0          0
          0          0          0          0          0          0          0          0
          0          0          0          0          0          0          0          0
          0          0          0          0          0          0          0          0
          0          0          0          0          0          0          0          0
          0          0          0          0          0          0          0          0
          0          0          0          0          0          0          0          0
          0          0          0          0          0          0          0          0
          0          0          0          0          0          0          0          0
          0          0          0          0          0          0          0          0
          0          0          0          0          0          0          0          0
          0          0          0          0          0          0          0          0
          0          0          0          0          0          0          0          0
          0          0          0          0          0          0          0          0
          0          0          0          0          0          0          0          0
          0          0          0          0          0          0          0          0
          0          0          0          0          0          0          0          0
          0          0          0          0          0          0          0          0
          0          0          0          0          0          0          0          0
          0          0          0          0          0          0          0          0
          0          0          0          0          0          0          0          0
          0          0          0          0          0          0          0          0
          0          0          0          0          0          0          0          0
          0          0          0          0          0          0          0          0
          0          0          0          0          0          0          0          0
          0          0          0          0          0          0          0          0
          0          0          0          0          0          0          0          0
          0          0          0          0          0          0          0          0
          0          0          0          0          0          0          0          0
  6.2500000000000E-02  2.5000000000000E-01  1.2500000000000E-01  2.5000000000000E-01
  2.5000000000000E-01  6.2500000000000E-02
 -5.6834433693311E-01 -7.0761790617621E-02 -7.0761790617621E-02  1.7447748790790E-01
  8.0752816239246E-01  8.1202137691338E-01  1.1372061805941E+00  1.1372061805941E+00
  3.5621153610857E+00  3.8652062174578E+00  3.8807609139721E+00  3.8807609139721E+00
 -5.4325923669897E-01 -2.3708344162077E-01 -3.1600054517359E-02  1.6432824052157E-01
  8.0097043230631E-01  8.2212099769251E-01  1.0171384093845E+00  1.0550509800236E+00
  3.5618601643741E+00  3.6070929005542E+00  3.8397632749724E+00  3.8459223669779E+00
 -4.4659606359606E-01 -4.4659606359606E-01  6.9477414312594E-02  6.9477414312597E-02
  7.6947494043962E-01  7.6947494043962E-01  1.0023161943685E+00  1.0023161943686E+00
  3.5494354093684E+00  3.5494354093686E+00  3.8289987693729E+00  3.8289987693731E+00
 -5.1222007175250E-01 -1.9319610740578E-01 -1.9319610740510E-01  9.0054156555920E-02
  7.8741962133703E-01  7.9440189121541E-01  7.9440189123596E-01  8.8184034188970E-01
  3.5645451304292E+00  3.6241116900486E+00  3.6241116900509E+00  3.7512438474343E+00
 -4.0376957641529E-01 -4.0376957641529E-01 -6.7275119723864E-02 -6.7275119723864E-02
  7.5365676918834E-01  7.5365676918834E-01  7.9024118978834E-01  7.9024118978834E-01
  3.5636891233933E+00  3.5636891233934E+00  3.6771037336640E+00  3.6771037336641E+00
 -2.7393070065987E-01 -2.7393070065987E-01 -2.7393070065702E-01 -2.7393070065702E-01
  7.3203192878592E-01  7.3203192878595E-01  7.3203192879906E-01  7.3203192879906E-01
  3.5987858483871E+00  3.5987858483906E+00  3.5987858483906E+00  3.5987858483872E+00
  6.2500000000000E-02  0.0000000000000E+00  0.0000000000000E+00  0.0000000000000E+00
  0.0000000000000E+00  0.0000000000000E+00  0.0000000000000E+00  0.0000000000000E+00
  0.0000000000000E+00  0.0000000000000E+00  0.0000000000000E+00  0.0000000000000E+00
  2.5000000000000E-01  1.6272308133375E-01  0.0000000000000E+00  0.0000000000000E+00
  0.0000000000000E+00  0.0000000000000E+00  0.0000000000000E+00  0.0000000000000E+00
  0.0000000000000E+00  0.0000000000000E+00  0.0000000000000E+00  0.0000000000000E+00
  1.2500000000000E-01  1.2500000000000E-01  0.0000000000000E+00  0.0000000000000E+00
  0.0000000000000E+00  0.0000000000000E+00  0.0000000000000E+00  0.0000000000000E+00
  0.0000000000000E+00  0.0000000000000E+00  0.0000000000000E+00  0.0000000000000E+00
  2.5000000000000E-01  1.2850115169085E-01  1.2850115169085E-01  0.0000000000000E+00
  0.0000000000000E+00  0.0000000000000E+00  0.0000000000000E+00  0.0000000000000E+00
  0.0000000000000E+00  0.0000000000000E+00  0.0000000000000E+00  0.0000000000000E+00
  2.5000000000000E-01  2.5000000000000E-01  8.8873078103377E-03  8.8873078103377E-03
  0.0000000000000E+00  0.0000000000000E+00  0.0000000000000E+00  0.0000000000000E+00
  0.0000000000000E+00  0.0000000000000E+00  0.0000000000000E+00  0.0000000000000E+00
  6.2500000000000E-02  6.2500000000000E-02  6.2500000000000E-02  6.2500000000000E-02
  0.0000000000000E+00  0.0000000000000E+00  0.0000000000000E+00  0.0000000000000E+00
  0.0000000000000E+00  0.0000000000000E+00  0.0000000000000E+00  0.0000000000000E+00
          0          0          0
 -2.9704461121626E-02  2.3145205621103E-01 -1.7588206466330E-01 -2.9704461121626E-02
  2.3145205621103E-01 -1.7588206466330E-01 -2.9704461121626E-02  2.3145205621103E-01
 -1.7588206466330E-01 -2.9704461121626E-02  2.3145205621103E-01 -1.7588206466330E-01
 -4.7134850549012E-01 -4.6853626932707E-01 -1.1976801994317E-01  4.7134850549012E-01
  4.6853626932707E-01  1.1976801994317E-01  0.0000000000000E+00  0.0000000000000E+00
  0.0000000000000E+00  0.0000000000000E+00  0.0000000000000E+00  0.0000000000000E+00
  0.0000000000000E+00  0.0000000000000E+00  0.0000000000000E+00  0.0000000000000E+00
  0.0000000000000E+00  0.0000000000000E+00 -4.7134850549012E-01 -4.6853626932707E-01
 -1.1976801994317E-01  4.7134850549012E-01  4.6853626932707E-01  1.1976801994317E-01
  1.3367177144230E+00 -1.1473171085510E+00  1.3702584606236E+00  1.3367177144230E+00
 -1.1473171085510E+00  1.3702584606236E+00 -1.3367177144230E+00  1.1473171085510E+00
 -1.3702584606236E+00 -1.3367177144230E+00  1.1473171085510E+00 -1.3702584606236E+00
  9.2789196352880E+00 -3.5352106807941E+00  7.6507895800829E+00  9.2789196352880E+00
 -3.5352106807941E+00  7.6507895800829E+00 -9.2789196352880E+00  3.5352106807941E+00
 -7.6507895800829E+00 -9.2789196352880E+00  3.5352106807941E+00 -7.6507895800829E+00
 -4.2908436060459E+00  6.1146652529043E-01 -3.3822320275491E+00 -4.2908436060459E+00
  6.1146652529043E-01 -3.3822320275491E+00 -4.2908436060459E+00  6.1146652529043E-01
 -3.3822320275491E+00 -4.2908436060459E+00  6.1146652529043E-01 -3.3822320275491E+00
  7.4200653230462E+00 -1.9774805375499E+00  5.8562888631266E+00 -7.4200653230462E+00
  1.9774805375499E+00 -5.8562888631266E+00  0.0000000000000E+00  0.0000000000000E+00
  0.0000000000000E+00  0.0000000000000E+00  0.0000000000000E+00  0.0000000000000E+00
  0.0000000000000E+00  0.0000000000000E+00  0.0000000000000E+00  0.0000000000000E+00
  0.0000000000000E+00  0.0000000000000E+00  7.4200653230462E+00 -1.9774805375499E+00
  5.8562888631266E+00 -7.4200653230462E+00  1.9774805375499E+00 -5.8562888631266E+00
  1.2432264577297E+01 -4.4715666057775E-01  1.2039428212617E+01  1.2432264577297E+01
 -4.4715666057775E-01  1.2039428212617E+01  1.2432264577297E+01 -4.4715666057775E-01
  1.2039428212617E+01  1.2432264577297E+01 -4.4715666057775E-01  1.2039428212617E+01
 -1.4105704854481E+01  1.5429490542969E+00 -1.3468712699944E+01 -1.4105704854481E+01
  1.5429490542969E+00 -1.3468712699944E+01  1.4105704854481E+01 -1.5429490542969E+00
  1.3468712699944E+01  1.4105704854481E+01 -1.5429490542969E+00  1.3468712699944E+01
  0.0000000000000E+00  0.0000000000000E+00  0.0000000000000E+00  0.0000000000000E+00
  0.0000000000000E+00  0.0000000000000E+00 -1.9957380419364E+01  1.4386991064687E+00
 -1.9060556315312E+01  1.9957380419364E+01 -1.4386991064687E+00  1.9060556315312E+01
 -1.9957380419364E+01  1.4386991064687E+00 -1.9060556315312E+01  1.9957380419364E+01
 -1.4386991064687E+00  1.9060556315312E+01  0.0000000000000E+00  0.0000000000000E+00
  0.0000000000000E+00  0.0000000000000E+00  0.0000000000000E+00  0.0000000000000E+00
          1          0          0
  2.4995755157778E-02 -5.0130962639471E-14  2.3983035462944E-01  1.0219823919993E-14
 -1.3183312036869E-01 -4.5224148065705E-14  1.7674642197875E-02 -1.7674642197845E-02
  1.6958567126061E-01 -1.6958567126061E-01 -9.3220117800565E-02  9.3220117800594E-02
  1.7674613646028E-02 -1.7674613645984E-02  1.6958567425223E-01 -1.6958567425224E-01
 -9.3220145297832E-02  9.3220145297871E-02  2.4995640083809E-02  6.2812703348967E-14
  2.3983036422816E-01 -8.0178181621073E-15 -1.3183323080665E-01  5.7652156420487E-14
  1.3960036519516E-01  1.3960036519510E-01 -2.7510226243917E-01 -2.7510226243917E-01
  2.4684399913171E-01  2.4684399913166E-01 -1.9742481109892E-01 -3.2106053737310E-14
  3.8905335886910E-01  6.2206325453718E-16 -3.4909020859805E-01 -2.9332939590441E-14
 -1.9742484702499E-01 -3.1146324425010E-14  3.8905336059621E-01  6.2650004241021E-15
 -3.4909024276533E-01 -2.7158736869696E-14  1.3960049536768E-01  1.3960049536772E-01
 -2.7510227295255E-01 -2.7510227295255E-01  2.4684412389142E-01  2.4684412389146E-01
  1.2846075161263E-01  1.2846075161250E-01  2.7041482975545E-01  2.7041482975548E-01
 -3.3890279452953E-02 -3.3890279453070E-02 -1.8167095182429E-01 -9.4455935314890E-14
 -3.8242431575801E-01  1.3995870700491E-14  4.7928080152110E-02 -8.3412536078552E-14
  1.8167095045179E-01 -1.8189094360524E-14  3.8242431568425E-01 -5.1373804784291E-15
 -4.7928081325910E-02 -1.8841487227432E-14 -1.2846075064041E-01 -1.2846075064041E-01
 -2.7041482968808E-01 -2.7041482968810E-01  3.3890280274696E-02  3.3890280274699E-02
 -7.8314247397018E-02 -1.6032303789367E-13 -5.7808889321483E-01  2.5016958074611E-14
  1.6899108237112E-01 -1.4103685900566E-13 -5.5376535408145E-02  5.5376535408341E-02
 -4.0877057652022E-01  4.0877057652020E-01  1.1949474029484E-01 -1.1949474029466E-01
  5.5376536242169E-02 -5.5376536242058E-02  4.0877057635232E-01 -4.0877057635233E-01
 -1.1949473967732E-01  1.1949473967742E-01  7.8314248575487E-02  7.2403500885953E-15
  5.7808889297766E-01 -4.7027097864628E-15 -1.6899108149869E-01  7.1708740898456E-15
 -4.2557145603168E+00  4.4189218583982E-14  6.3997578819619E-01  5.3398443004949E-15
 -3.3541498059944E+00  2.8555580111944E-14 -3.0092443269141E+00  3.0092443269145E+00
  4.5253115686914E-01 -4.5253115686919E-01 -2.3717418350779E+00  2.3717418350782E+00
 -3.0092443045243E+00  3.0092443045253E+00  4.5253115047550E-01 -4.5253115047572E-01
 -2.3717418163489E+00  2.3717418163497E+00 -4.2557145500647E+00 -9.6609438085560E-14
  6.3997578263100E-01  4.0354799715442E-14 -3.3541497984254E+00 -6.7121400485618E-14
  3.5267774103524E+00  3.5267774103537E+00 -7.3629851024363E-01 -7.3629851024400E-01
  2.8231023051380E+00  2.8231023051391E+00 -4.9876168112632E+00  6.2944167559819E-13
  1.0412833942447E+00 -2.1481718555616E-13 -3.9924698562742E+00  5.0050857710294E-13
 -4.9876168226196E+00 -5.4632298544639E-13  1.0412833971342E+00  2.2451229190670E-13
 -3.9924698654249E+00 -4.3807153561445E-13  3.5267774172232E+00  3.5267774172232E+00
 -7.3629851218321E-01 -7.3629851218307E-01  2.8231023104957E+00  2.8231023104957E+00
  6.5778562454747E+00 -4.9263620277738E-13 -2.4427077096128E+00 -8.4120146939722E-14
  5.3280128110843E+00 -4.2030969823659E-13  4.6512467625734E+00 -4.6512467625674E+00
 -1.7272551879079E+00  1.7272551879061E+00  3.7674739937145E+00 -3.7674739937097E+00
 -4.6512467712048E+00  4.6512467711985E+00  1.7272551892675E+00 -1.7272551892655E+00
 -3.7674740004236E+00  3.7674740004186E+00 -6.5778562576847E+00  9.2123974495392E-13
  2.4427077115362E+00 -8.2820995396561E-14 -5.3280128205750E+00  6.7382015813882E-13
 -3.8154332572907E+00 -3.8154332572845E+00  1.0333866627915E+00  1.0333866627894E+00
 -3.0339013920765E+00 -3.0339013920715E+00  5.3958374524342E+00  1.3749110094305E-12
 -1.4614294296200E+00 -7.1175452567435E-13  4.2905844917355E+00  1.1035333073362E-12
 -5.3958374634038E+00 -1.5736350156396E-12  1.4614294290611E+00  7.1156143175990E-13
 -4.2905845032309E+00 -1.3191228817368E-12  3.8154332703969E+00  3.8154332703907E+00
 -1.0333866619748E+00 -1.0333866619728E+00  3.0339014063761E+00  3.0339014063711E+00
  1.2318791667046E+01 -9.8348109407356E-15 -4.5381348506370E-01  7.2135509084317E-14
  1.1939531003073E+01 -7.2820204315743E-16  8.7107011495855E+00 -8.7107011495787E+00
 -3.2089459405623E-01  3.2089459405597E-01  8.4425233615424E+00 -8.4425233615358E+00
  8.7107011226330E+00 -8.7107011226272E+00 -3.2089459265369E-01  3.2089459265343E-01
  8.4425233352979E+00 -8.4425233352922E+00  1.2318791702442E+01  3.4530907794628E-12
 -4.5381348699412E-01 -1.5763198765449E-13  1.1939531037442E+01  3.3457729401755E-12
 -8.8542114565058E+00 -8.8542114565017E+00  4.5136634663069E-01  4.5136634663053E-01
 -8.5645416084861E+00 -8.5645416084821E+00  1.2521745797077E+01 -2.8960629540246E-12
 -6.3832839759166E-01  1.6436710857367E-13  1.2112090774467E+01 -2.8323503539506E-12
  1.2521745926702E+01 -8.5751028583958E-13 -6.3832840694545E-01  6.3184350926007E-14
  1.2112090900631E+01 -8.0746765047955E-13 -8.8542113650533E+00 -8.8542113650446E+00
  4.5136633700410E-01  4.5136633700367E-01 -8.5645415218725E+00 -8.5645415218641E+00
 -1.3312205670663E+01 -4.2659776787100E-12  1.1806935106918E+00 -3.3506667600600E-13
 -1.2782466770260E+01 -3.9914088927634E-12 -9.4131509849615E+00  9.4131509850735E+00
  8.3487639072156E-01 -8.3487639073038E-01 -9.0385690129570E+00  9.0385690130644E+00
  9.4131509008616E+00 -9.4131509009677E+00 -8.3487638689925E-01  8.3487638690780E-01
  9.0385689315874E+00 -9.0385689316892E+00  1.3312205793723E+01  2.7320455628851E-12
 -1.1806935135011E+00  4.2839232615238E-13  1.2782466887402E+01  2.5105262167795E-12
 -9.7337120614201E+00 -9.7337120615280E+00  6.9487968847027E-01  6.9487968847895E-01
 -9.3213369035743E+00 -9.3213369036778E+00  1.3765547575727E+01  4.0314271738037E-13
 -9.8270827775019E-01  6.7722977100249E-13  1.3182361035623E+01  3.1639523625065E-13
 -1.3765547602049E+01  2.1026405968060E-12  9.8270827641532E-01 -7.7282284147200E-13
 -1.3182361060002E+01  2.1278613432128E-12  9.7337120268319E+00  9.7337120269420E+00
 -6.9487968435352E-01 -6.9487968436228E-01  9.3213368691121E+00  9.3213368692178E+00
          3          0          0
  1.7674642197875E-02 -1.7674642197845E-02  1.6958567126061E-01 -1.6958567126061E-01
 -9.3220117800565E-02  9.3220117800594E-02  2.4995755157778E-02 -5.0130962639471E-14
  2.3983035462944E-01  1.0219823919993E-14 -1.3183312036869E-01 -4.5224148065705E-14
  2.4995640083809E-02  6.2812703348967E-14  2.3983036422816E-01 -8.0178181621073E-15
 -1.3183323080665E-01  5.7652156420487E-14  1.7674613646028E-02 -1.7674613645984E-02
  1.6958567425223E-01 -1.6958567425224E-01 -9.3220145297832E-02  9.3220145297871E-02
 -1.9742481109892E-01 -3.2106053737310E-14  3.8905335886910E-01  6.2206325453718E-16
 -3.4909020859805E-01 -2.9332939590441E-14  1.3960036519516E-01  1.3960036519510E-01
 -2.7510226243917E-01 -2.7510226243917E-01  2.4684399913171E-01  2.4684399913166E-01
  1.3960049536768E-01  1.3960049536772E-01 -2.7510227295255E-01 -2.7510227295255E-01
  2.4684412389142E-01  2.4684412389146E-01 -1.9742484702499E-01 -3.1146324425010E-14
  3.8905336059621E-01  6.2650004241021E-15 -3.4909024276533E-01 -2.7158736869696E-14
 -1.8167095182429E-01 -9.4455935314890E-14 -3.8242431575801E-01  1.3995870700491E-14
  4.7928080152110E-02 -8.3412536078552E-14  1.2846075161263E-01  1.2846075161250E-01
  2.7041482975545E-01  2.7041482975548E-01 -3.3890279452953E-02 -3.3890279453070E-02
 -1.2846075064041E-01 -1.2846075064041E-01 -2.7041482968808E-01 -2.7041482968810E-01
  3.3890280274696E-02  3.3890280274699E-02  1.8167095045179E-01 -1.8189094360524E-14
  3.8242431568425E-01 -5.1373804784291E-15 -4.7928081325910E-02 -1.8841487227432E-14
 -5.5376535408145E-02  5.5376535408341E-02 -4.0877057652022E-01  4.0877057652020E-01
  1.1949474029484E-01 -1.1949474029466E-01 -7.8314247397018E-02 -1.6032303789367E-13
 -5.7808889321483E-01  2.5016958074611E-14  1.6899108237112E-01 -1.4103685900566E-13
  7.8314248575487E-02  7.2403500885953E-15  5.7808889297766E-01 -4.7027097864628E-15
 -1.6899108149869E-01  7.1708740898456E-15  5.5376536242169E-02 -5.5376536242058E-02
  4.0877057635232E-01 -4.0877057635233E-01 -1.1949473967732E-01  1.1949473967742E-01
 -3.0092443269141E+00  3.0092443269145E+00  4.5253115686914E-01 -4.5253115686919E-01
 -2.3717418350779E+00  2.3717418350782E+00 -4.2557145603168E+00  4.4189218583982E-14
  6.3997578819619E-01  5.3398443004949E-15 -3.3541498059944E+00  2.8555580111944E-14
 -4.2557145500647E+00 -9.6609438085560E-14  6.3997578263100E-01  4.0354799715442E-14
 -3.3541497984254E+00 -6.7121400485618E-14 -3.0092443045243E+00  3.0092443045253E+00
  4.5253115047550E-01 -4.5253115047572E-01 -2.3717418163489E+00  2.3717418163497E+00
 -4.9876168112632E+00  6.2944167559819E-13  1.0412833942447E+00 -2.1481718555616E-13
 -3.9924698562742E+00  5.0050857710294E-13  3.5267774103524E+00  3.5267774103537E+00
 -7.3629851024363E-01 -7.3629851024400E-01  2.8231023051380E+00  2.8231023051391E+00
  3.5267774172232E+00  3.5267774172232E+00 -7.3629851218321E-01 -7.3629851218307E-01
  2.8231023104957E+00  2.8231023104957E+00 -4.9876168226196E+00 -5.4632298544639E-13
  1.0412833971342E+00  2.2451229190670E-13 -3.9924698654249E+00 -4.3807153561445E-13
  4.6512467625734E+00 -4.6512467625674E+00 -1.7272551879079E+00  1.7272551879061E+00
  3.7674739937145E+00 -3.7674739937097E+00  6.5778562454747E+00 -4.9263620277738E-13
 -2.4427077096128E+00 -8.4120146939722E-14  5.3280128110843E+00 -4.2030969823659E-13
 -6.5778562576847E+00  9.2123974495392E-13  2.4427077115362E+00 -8.2820995396561E-14
 -5.3280128205750E+00  6.7382015813882E-13 -4.6512467712048E+00  4.6512467711985E+00
  1.7272551892675E+00 -1.7272551892655E+00 -3.7674740004236E+00  3.7674740004186E+00
  5.3958374524342E+00  1.3749110094305E-12 -1.4614294296200E+00 -7.1175452567435E-13
  4.2905844917355E+00  1.1035333073362E-12 -3.8154332572907E+00 -3.8154332572845E+00
  1.0333866627915E+00  1.0333866627894E+00 -3.0339013920765E+00 -3.0339013920715E+00
  3.8154332703969E+00  3.8154332703907E+00 -1.0333866619748E+00 -1.0333866619728E+00
  3.0339014063761E+00  3.0339014063711E+00 -5.3958374634038E+00 -1.5736350156396E-12
  1.4614294290611E+00  7.1156143175990E-13 -4.2905845032309E+00 -1.3191228817368E-12
  8.7107011495855E+00 -8.7107011495787E+00 -3.2089459405623E-01  3.2089459405597E-01
  8.4425233615424E+00 -8.4425233615358E+00  1.2318791667046E+01 -9.8348109407356E-15
 -4.5381348506370E-01  7.2135509084317E-14  1.1939531003073E+01 -7.2820204315743E-16
  1.2318791702442E+01  3.4530907794628E-12 -4.5381348699412E-01 -1.5763198765449E-13
  1.1939531037442E+01  3.3457729401755E-12  8.7107011226330E+00 -8.7107011226272E+00
 -3.2089459265369E-01  3.2089459265343E-01  8.4425233352979E+00 -8.4425233352922E+00
  1.2521745797077E+01 -2.8960629540246E-12 -6.3832839759166E-01  1.6436710857367E-13
  1.2112090774467E+01 -2.8323503539506E-12 -8.8542114565058E+00 -8.8542114565017E+00
  4.5136634663069E-01  4.5136634663053E-01 -8.5645416084861E+00 -8.5645416084821E+00
 -8.8542113650533E+00 -8.8542113650446E+00  4.5136633700410E-01  4.5136633700367E-01
 -8.5645415218725E+00 -8.5645415218641E+00  1.2521745926702E+01 -8.5751028583958E-13
 -6.3832840694545E-01  6.3184350926007E-14  1.2112090900631E+01 -8.0746765047955E-13
 -9.4131509849615E+00  9.4131509850735E+00  8.3487639072156E-01 -8.3487639073038E-01
 -9.0385690129570E+00  9.0385690130644E+00 -1.3312205670663E+01 -4.2659776787100E-12
  1.1806935106918E+00 -3.3506667600600E-13 -1.2782466770260E+01 -3.9914088927634E-12
  1.3312205793723E+01  2.7320455628851E-12 -1.1806935135011E+00  4.2839232615238E-13
  1.2782466887402E+01  2.5105262167795E-12  9.4131509008616E+00 -9.4131509009677E+00
 -8.3487638689925E-01  8.3487638690780E-01  9.0385689315874E+00 -9.0385689316892E+00
  1.3765547575727E+01  4.0314271738037E-13 -9.8270827775019E-01  6.7722977100249E-13
  1.3182361035623E+01  3.1639523625065E-13 -9.7337120614201E+00 -9.7337120615280E+00
  6.9487968847027E-01  6.9487968847895E-01 -9.3213369035743E+00 -9.3213369036778E+00
  9.7337120268319E+00  9.7337120269420E+00 -6.9487968435352E-01 -6.9487968436228E-01
  9.3213368691121E+00  9.3213368692178E+00 -1.3765547602049E+01  2.1026405968060E-12
  9.8270827641532E-01 -7.7282284147200E-13 -1.3182361060002E+01  2.1278613432128E-12
          0          1          0
  2.4995640083809E-02  6.2812703348967E-14  2.3983036422816E-01 -8.0178181621073E-15
 -1.3183323080665E-01  5.7652156420487E-14  1.7674613646028E-02 -1.7674613645984E-02
  1.6958567425223E-01 -1.6958567425224E-01 -9.3220145297832E-02  9.3220145297871E-02
  2.4995755157778E-02 -5.0130962639471E-14  2.3983035462944E-01  1.0219823919993E-14
 -1.3183312036869E-01 -4.5224148065705E-14  1.7674642197875E-02 -1.7674642197845E-02
  1.6958567126061E-01 -1.6958567126061E-01 -9.3220117800565E-02  9.3220117800594E-02
  1.3960049536768E-01  1.3960049536772E-01 -2.7510227295255E-01 -2.7510227295255E-01
  2.4684412389142E-01  2.4684412389146E-01 -1.9742484702499E-01 -3.1146324425010E-14
  3.8905336059621E-01  6.2650004241021E-15 -3.4909024276533E-01 -2.7158736869696E-14
  1.3960036519516E-01  1.3960036519510E-01 -2.7510226243917E-01 -2.7510226243917E-01
  2.4684399913171E-01  2.4684399913166E-01 -1.9742481109892E-01 -3.2106053737310E-14
  3.8905335886910E-01  6.2206325453718E-16 -3.4909020859805E-01 -2.9332939590441E-14
 -1.2846075064041E-01 -1.2846075064041E-01 -2.7041482968808E-01 -2.7041482968810E-01
  3.3890280274696E-02  3.3890280274699E-02  1.8167095045179E-01 -1.8189094360524E-14
  3.8242431568425E-01 -5.1373804784291E-15 -4.7928081325910E-02 -1.8841487227432E-14
  1.2846075161263E-01  1.2846075161250E-01  2.7041482975545E-01  2.7041482975548E-01
 -3.3890279452953E-02 -3.3890279453070E-02 -1.8167095182429E-01 -9.4455935314890E-14
 -3.8242431575801E-01  1.3995870700491E-14  4.7928080152110E-02 -8.3412536078552E-14
  7.8314248575487E-02  7.2403500885953E-15  5.7808889297766E-01 -4.7027097864628E-15
 -1.6899108149869E-01  7.1708740898456E-15  5.5376536242169E-02 -5.5376536242058E-02
  4.0877057635232E-01 -4.0877057635233E-01 -1.1949473967732E-01  1.1949473967742E-01
 -7.8314247397018E-02 -1.6032303789367E-13 -5.7808889321483E-01  2.5016958074611E-14
  1.6899108237112E-01 -1.4103685900566E-13 -5.5376535408145E-02  5.5376535408341E-02
 -4.0877057652022E-01  4.0877057652020E-01  1.1949474029484E-01 -1.1949474029466E-01
 -4.2557145500647E+00 -9.6609438085560E-14  6.3997578263100E-01  4.0354799715442E-14
 -3.3541497984254E+00 -6.7121400485618E-14 -3.0092443045243E+00  3.0092443045253E+00
  4.5253115047550E-01 -4.5253115047572E-01 -2.3717418163489E+00  2.3717418163497E+00
 -4.2557145603168E+00  4.4189218583982E-14  6.3997578819619E-01  5.3398443004949E-15
 -3.3541498059944E+00  2.8555580111944E-14 -3.0092443269141E+00  3.0092443269145E+00
  4.5253115686914E-01 -4.5253115686919E-01 -2.3717418350779E+00  2.3717418350782E+00
  3.5267774172232E+00  3.5267774172232E+00 -7.3629851218321E-01 -7.3629851218307E-01
  2.8231023104957E+00  2.8231023104957E+00 -4.9876168226196E+00 -5.4632298544639E-13
  1.0412833971342E+00  2.2451229190670E-13 -3.9924698654249E+00 -4.3807153561445E-13
  3.5267774103524E+00  3.5267774103537E+00 -7.3629851024363E-01 -7.3629851024400E-01
  2.8231023051380E+00  2.8231023051391E+00 -4.9876168112632E+00  6.2944167559819E-13
  1.0412833942447E+00 -2.1481718555616E-13 -3.9924698562742E+00  5.0050857710294E-13
 -6.5778562576847E+00  9.2123974495392E-13  2.4427077115362E+00 -8.2820995396561E-14
 -5.3280128205750E+00  6.7382015813882E-13 -4.6512467712048E+00  4.6512467711985E+00
  1.7272551892675E+00 -1.7272551892655E+00 -3.7674740004236E+00  3.7674740004186E+00
  6.5778562454747E+00 -4.9263620277738E-13 -2.4427077096128E+00 -8.4120146939722E-14
  5.3280128110843E+00 -4.2030969823659E-13  4.6512467625734E+00 -4.6512467625674E+00
 -1.7272551879079E+00  1.7272551879061E+00  3.7674739937145E+00 -3.7674739937097E+00
  3.8154332703969E+00  3.8154332703907E+00 -1.0333866619748E+00 -1.0333866619728E+00
  3.0339014063761E+00  3.0339014063711E+00 -5.3958374634038E+00 -1.5736350156396E-12
  1.4614294290611E+00  7.1156143175990E-13 -4.2905845032309E+00 -1.3191228817368E-12
 -3.8154332572907E+00 -3.8154332572845E+00  1.0333866627915E+00  1.0333866627894E+00
 -3.0339013920765E+00 -3.0339013920715E+00  5.3958374524342E+00  1.3749110094305E-12
 -1.4614294296200E+00 -7.1175452567435E-13  4.2905844917355E+00  1.1035333073362E-12
  1.2318791702442E+01  3.4530907794628E-12 -4.5381348699412E-01 -1.5763198765449E-13
  1.1939531037442E+01  3.3457729401755E-12  8.7107011226330E+00 -8.7107011226272E+00
 -3.2089459265369E-01  3.2089459265343E-01  8.4425233352979E+00 -8.4425233352922E+00
  1.2318791667046E+01 -9.8348109407356E-15 -4.5381348506370E-01  7.2135509084317E-14
  1.1939531003073E+01 -7.2820204315743E-16  8.7107011495855E+00 -8.7107011495787E+00
 -3.2089459405623E-01  3.2089459405597E-01  8.4425233615424E+00 -8.4425233615358E+00
 -8.8542113650533E+00 -8.8542113650446E+00  4.5136633700410E-01  4.5136633700367E-01
 -8.5645415218725E+00 -8.5645415218641E+00  1.2521745926702E+01 -8.5751028583958E-13
 -6.3832840694545E-01  6.3184350926007E-14  1.2112090900631E+01 -8.0746765047955E-13
 -8.8542114565058E+00 -8.8542114565017E+00  4.5136634663069E-01  4.5136634663053E-01
 -8.5645416084861E+00 -8.5645416084821E+00  1.2521745797077E+01 -2.8960629540246E-12
 -6.3832839759166E-01  1.6436710857367E-13  1.2112090774467E+01 -2.8323503539506E-12
  1.3312205793723E+01  2.7320455628851E-12 -1.1806935135011E+00  4.2839232615238E-13
  1.2782466887402E+01  2.5105262167795E-12  9.4131509008616E+00 -9.4131509009677E+00
 -8.3487638689925E-01  8.3487638690780E-01  9.0385689315874E+00 -9.0385689316892E+00
 -1.3312205670663E+01 -4.2659776787100E-12  1.1806935106918E+00 -3.3506667600600E-13
 -1.2782466770260E+01 -3.9914088927634E-12 -9.4131509849615E+00  9.4131509850735E+00
  8.3487639072156E-01 -8.3487639073038E-01 -9.0385690129570E+00  9.0385690130644E+00
  9.7337120268319E+00  9.7337120269420E+00 -6.9487968435352E-01 -6.9487968436228E-01
  9.3213368691121E+00  9.3213368692178E+00 -1.3765547602049E+01  2.1026405968060E-12
  9.8270827641532E-01 -7.7282284147200E-13 -1.3182361060002E+01  2.1278613432128E-12
 -9.7337120614201E+00 -9.7337120615280E+00  6.9487968847027E-01  6.9487968847895E-01
 -9.3213369035743E+00 -9.3213369036778E+00  1.3765547575727E+01  4.0314271738037E-13
 -9.8270827775019E-01  6.7722977100249E-13  1.3182361035623E+01  3.1639523625065E-13
          0          3          0
  1.7674613646028E-02 -1.7674613645984E-02  1.6958567425223E-01 -1.6958567425224E-01
 -9.3220145297832E-02  9.3220145297871E-02  2.4995640083809E-02  6.2812703348967E-14
  2.3983036422816E-01 -8.0178181621073E-15 -1.3183323080665E-01  5.7652156420487E-14
  1.7674642197875E-02 -1.7674642197845E-02  1.6958567126061E-01 -1.6958567126061E-01
 -9.3220117800565E-02  9.3220117800594E-02  2.4995755157778E-02 -5.0130962639471E-14
  2.3983035462944E-01  1.0219823919993E-14 -1.3183312036869E-01 -4.5224148065705E-14
 -1.9742484702499E-01 -3.1146324425010E-14  3.8905336059621E-01  6.2650004241021E-15
 -3.4909024276533E-01 -2.7158736869696E-14  1.3960049536768E-01  1.3960049536772E-01
 -2.7510227295255E-01 -2.7510227295255E-01  2.4684412389142E-01  2.4684412389146E-01
 -1.9742481109892E-01 -3.2106053737310E-14  3.8905335886910E-01  6.2206325453718E-16
 -3.4909020859805E-01 -2.9332939590441E-14  1.3960036519516E-01  1.3960036519510E-01
 -2.7510226243917E-01 -2.7510226243917E-01  2.4684399913171E-01  2.4684399913166E-01
  1.8167095045179E-01 -1.8189094360524E-14  3.8242431568425E-01 -5.1373804784291E-15
 -4.7928081325910E-02 -1.8841487227432E-14 -1.2846075064041E-01 -1.2846075064041E-01
 -2.7041482968808E-01 -2.7041482968810E-01  3.3890280274696E-02  3.3890280274699E-02
 -1.8167095182429E-01 -9.4455935314890E-14 -3.8242431575801E-01  1.3995870700491E-14
  4.7928080152110E-02 -8.3412536078552E-14  1.2846075161263E-01  1.2846075161250E-01
  2.7041482975545E-01  2.7041482975548E-01 -3.3890279452953E-02 -3.3890279453070E-02
  5.5376536242169E-02 -5.5376536242058E-02  4.0877057635232E-01 -4.0877057635233E-01
 -1.1949473967732E-01  1.1949473967742E-01  7.8314248575487E-02  7.2403500885953E-15
  5.7808889297766E-01 -4.7027097864628E-15 -1.6899108149869E-01  7.1708740898456E-15
 -5.5376535408145E-02  5.5376535408341E-02 -4.0877057652022E-01  4.0877057652020E-01
  1.1949474029484E-01 -1.1949474029466E-01 -7.8314247397018E-02 -1.6032303789367E-13
 -5.7808889321483E-01  2.5016958074611E-14  1.6899108237112E-01 -1.4103685900566E-13
 -3.0092443045243E+00  3.0092443045253E+00  4.5253115047550E-01 -4.5253115047572E-01
 -2.3717418163489E+00  2.3717418163497E+00 -4.2557145500647E+00 -9.6609438085560E-14
  6.3997578263100E-01  4.0354799715442E-14 -3.3541497984254E+00 -6.7121400485618E-14
 -3.0092443269141E+00  3.0092443269145E+00  4.5253115686914E-01 -4.5253115686919E-01
 -2.3717418350779E+00  2.3717418350782E+00 -4.2557145603168E+00  4.4189218583982E-14
  6.3997578819619E-01  5.3398443004949E-15 -3.3541498059944E+00  2.8555580111944E-14
 -4.9876168226196E+00 -5.4632298544639E-13  1.0412833971342E+00  2.2451229190670E-13
 -3.9924698654249E+00 -4.3807153561445E-13  3.5267774172232E+00  3.5267774172232E+00
 -7.3629851218321E-01 -7.3629851218307E-01  2.8231023104957E+00  2.8231023104957E+00
 -4.9876168112632E+00  6.2944167559819E-13  1.0412833942447E+00 -2.1481718555616E-13
 -3.9924698562742E+00  5.0050857710294E-13  3.5267774103524E+00  3.5267774103537E+00
 -7.3629851024363E-01 -7.3629851024400E-01  2.8231023051380E+00  2.8231023051391E+00
 -4.6512467712048E+00  4.6512467711985E+00  1.7272551892675E+00 -1.7272551892655E+00
 -3.7674740004236E+00  3.7674740004186E+00 -6.5778562576847E+00  9.2123974495392E-13
  2.4427077115362E+00 -8.2820995396561E-14 -5.3280128205750E+00  6.7382015813882E-13
  4.6512467625734E+00 -4.6512467625674E+00 -1.7272551879079E+00  1.7272551879061E+00
  3.7674739937145E+00 -3.7674739937097E+00  6.5778562454747E+00 -4.9263620277738E-13
 -2.4427077096128E+00 -8.4120146939722E-14  5.3280128110843E+00 -4.2030969823659E-13
 -5.3958374634038E+00 -1.5736350156396E-12  1.4614294290611E+00  7.1156143175990E-13
 -4.2905845032309E+00 -1.3191228817368E-12  3.8154332703969E+00  3.8154332703907E+00
 -1.0333866619748E+00 -1.0333866619728E+00  3.0339014063761E+00  3.0339014063711E+00
  5.3958374524342E+00  1.3749110094305E-12 -1.4614294296200E+00 -7.1175452567435E-13
  4.2905844917355E+00  1.1035333073362E-12 -3.8154332572907E+00 -3.8154332572845E+00
  1.0333866627915E+00  1.0333866627894E+00 -3.0339013920765E+00 -3.0339013920715E+00
  8.7107011226330E+00 -8.7107011226272E+00 -3.2089459265369E-01  3.2089459265343E-01
  8.4425233352979E+00 -8.4425233352922E+00  1.2318791702442E+01  3.4530907794628E-12
 -4.5381348699412E-01 -1.5763198765449E-13  1.1939531037442E+01  3.3457729401755E-12
  8.7107011495855E+00 -8.7107011495787E+00 -3.2089459405623E-01  3.2089459405597E-01
  8.4425233615424E+00 -8.4425233615358E+00  1.2318791667046E+01 -9.8348109407356E-15
 -4.5381348506370E-01  7.2135509084317E-14  1.1939531003073E+01 -7.2820204315743E-16
  1.2521745926702E+01 -8.5751028583958E-13 -6.3832840694545E-01  6.3184350926007E-14
  1.2112090900631E+01 -8.0746765047955E-13 -8.8542113650533E+00 -8.8542113650446E+00
  4.5136633700410E-01  4.5136633700367E-01 -8.5645415218725E+00 -8.5645415218641E+00
  1.2521745797077E+01 -2.8960629540246E-12 -6.3832839759166E-01  1.6436710857367E-13
  1.2112090774467E+01 -2.8323503539506E-12 -8.8542114565058E+00 -8.8542114565017E+00
  4.5136634663069E-01  4.5136634663053E-01 -8.5645416084861E+00 -8.5645416084821E+00
  9.4131509008616E+00 -9.4131509009677E+00 -8.3487638689925E-01  8.3487638690780E-01
  9.0385689315874E+00 -9.0385689316892E+00  1.3312205793723E+01  2.7320455628851E-12
 -1.1806935135011E+00  4.2839232615238E-13  1.2782466887402E+01  2.5105262167795E-12
 -9.4131509849615E+00  9.4131509850735E+00  8.3487639072156E-01 -8.3487639073038E-01
 -9.0385690129570E+00  9.0385690130644E+00 -1.3312205670663E+01 -4.2659776787100E-12
  1.1806935106918E+00 -3.3506667600600E-13 -1.2782466770260E+01 -3.9914088927634E-12
 -1.3765547602049E+01  2.1026405968060E-12  9.8270827641532E-01 -7.7282284147200E-13
 -1.3182361060002E+01  2.1278613432128E-12  9.7337120268319E+00  9.7337120269420E+00
 -6.9487968435352E-01 -6.9487968436228E-01  9.3213368691121E+00  9.3213368692178E+00
  1.3765547575727E+01  4.0314271738037E-13 -9.8270827775019E-01  6.7722977100249E-13
  1.3182361035623E+01  3.1639523625065E-13 -9.7337120614201E+00 -9.7337120615280E+00
  6.9487968847027E-01  6.9487968847895E-01 -9.3213369035743E+00 -9.3213369036778E+00
          2          0          0
  5.7013358938906E-02 -2.9449945808647E-01  2.1095780688900E-01 -5.7013358938906E-02
  2.9449945808647E-01 -2.1095780688900E-01 -5.7013358501156E-02  2.9449945838460E-01
 -2.1095780642636E-01  5.7013358501156E-02 -2.9449945838460E-01  2.1095780642636E-01
 -5.7013358938805E-02  2.9449945808646E-01 -2.1095780688891E-01 -5.7013358938805E-02
  2.9449945808646E-01 -2.1095780688891E-01 -5.7013358501162E-02  2.9449945838460E-01
 -2.1095780642637E-01 -5.7013358501162E-02  2.9449945838460E-01 -2.1095780642637E-01
 -1.2543286386848E-01 -4.6213923385834E-01  1.0785310641077E-01 -1.2543286386848E-01
 -4.6213923385834E-01  1.0785310641077E-01  1.2543286369899E-01  4.6213923363000E-01
 -1.0785310670956E-01  1.2543286369899E-01  4.6213923363000E-01 -1.0785310670956E-01
 -1.2543286386876E-01 -4.6213923385830E-01  1.0785310641052E-01  1.2543286386876E-01
  4.6213923385830E-01 -1.0785310641052E-01 -1.2543286369895E-01 -4.6213923363000E-01
  1.0785310670959E-01  1.2543286369895E-01  4.6213923363000E-01 -1.0785310670959E-01
 -4.3795570773321E+00  7.4800715810175E-01 -3.4708993400815E+00 -4.3795570773321E+00
  7.4800715810175E-01 -3.4708993400815E+00 -4.3795570768416E+00  7.4800715803148E-01
 -3.4708993397656E+00 -4.3795570768416E+00  7.4800715803148E-01 -3.4708993397656E+00
  4.3795570773316E+00 -7.4800715810159E-01  3.4708993400810E+00 -4.3795570773316E+00
  7.4800715810159E-01 -3.4708993400810E+00 -4.3795570768419E+00  7.4800715803163E-01
 -3.4708993397658E+00  4.3795570768419E+00 -7.4800715803163E-01  3.4708993397658E+00
  5.4970902840253E+00 -1.7015718043813E+00  4.3920631865022E+00  5.4970902840253E+00
 -1.7015718043813E+00  4.3920631865022E+00 -5.4970902853695E+00  1.7015718044611E+00
 -4.3920631876979E+00 -5.4970902853695E+00  1.7015718044611E+00 -4.3920631876979E+00
  5.4970902840253E+00 -1.7015718043814E+00  4.3920631865022E+00 -5.4970902840253E+00
  1.7015718043814E+00 -4.3920631865022E+00  5.4970902853696E+00 -1.7015718044610E+00
  4.3920631876981E+00 -5.4970902853696E+00  1.7015718044610E+00 -4.3920631876981E+00
  1.2121607508442E+01 -4.8515228541183E-01  1.1766538691473E+01  1.2121607508442E+01
 -4.8515228541183E-01  1.1766538691473E+01  1.2121607791602E+01 -4.8515230632665E-01
  1.1766538963645E+01  1.2121607791602E+01 -4.8515230632665E-01  1.1766538963645E+01
 -1.2121607508441E+01  4.8515228541182E-01 -1.1766538691472E+01  1.2121607508441E+01
 -4.8515228541182E-01  1.1766538691472E+01  1.2121607791603E+01 -4.8515230632668E-01
  1.1766538963646E+01 -1.2121607791603E+01  4.8515230632668E-01 -1.1766538963646E+01
 -1.3258145881790E+01  9.8580201048373E-01 -1.2741822562093E+01  1.3258145881790E+01
 -9.8580201048373E-01  1.2741822562093E+01 -1.3258145622507E+01  9.8580200012410E-01
 -1.2741822310428E+01  1.3258145622507E+01 -9.8580200012410E-01  1.2741822310428E+01
 -1.3258145881789E+01  9.8580201048370E-01 -1.2741822562092E+01 -1.3258145881789E+01
  9.8580201048370E-01 -1.2741822562092E+01  1.3258145622509E+01 -9.8580200012415E-01
  1.2741822310429E+01  1.3258145622509E+01 -9.8580200012415E-01  1.2741822310429E+01
          0          2          0
  5.7013358501156E-02 -2.9449945838460E-01  2.1095780642636E-01 -5.7013358501156E-02
  2.9449945838460E-01 -2.1095780642636E-01  5.7013358938906E-02 -2.9449945808647E-01
  2.1095780688900E-01 -5.7013358938906E-02  2.9449945808647E-01 -2.1095780688900E-01
 -5.7013358501162E-02  2.9449945838460E-01 -2.1095780642637E-01 -5.7013358501162E-02
  2.9449945838460E-01 -2.1095780642637E-01 -5.7013358938805E-02  2.9449945808646E-01
 -2.1095780688891E-01 -5.7013358938805E-02  2.9449945808646E-01 -2.1095780688891E-01
  1.2543286369899E-01  4.6213923363000E-01 -1.0785310670956E-01  1.2543286369899E-01
  4.6213923363000E-01 -1.0785310670956E-01 -1.2543286386848E-01 -4.6213923385834E-01
  1.0785310641077E-01 -1.2543286386848E-01 -4.6213923385834E-01  1.0785310641077E-01
  1.2543286369895E-01  4.6213923363000E-01 -1.0785310670959E-01 -1.2543286369895E-01
 -4.6213923363000E-01  1.0785310670959E-01 -1.2543286386876E-01 -4.6213923385830E-01
  1.0785310641052E-01  1.2543286386876E-01  4.6213923385830E-01 -1.0785310641052E-01
 -4.3795570768416E+00  7.4800715803148E-01 -3.4708993397656E+00 -4.3795570768416E+00
  7.4800715803148E-01 -3.4708993397656E+00 -4.3795570773321E+00  7.4800715810175E-01
 -3.4708993400815E+00 -4.3795570773321E+00  7.4800715810175E-01 -3.4708993400815E+00
  4.3795570768419E+00 -7.4800715803163E-01  3.4708993397658E+00 -4.3795570768419E+00
  7.4800715803163E-01 -3.4708993397658E+00  4.3795570773316E+00 -7.4800715810159E-01
  3.4708993400810E+00 -4.3795570773316E+00  7.4800715810159E-01 -3.4708993400810E+00
 -5.4970902853695E+00  1.7015718044611E+00 -4.3920631876979E+00 -5.4970902853695E+00
  1.7015718044611E+00 -4.3920631876979E+00  5.4970902840253E+00 -1.7015718043813E+00
  4.3920631865022E+00  5.4970902840253E+00 -1.7015718043813E+00  4.3920631865022E+00
 -5.4970902853696E+00  1.7015718044610E+00 -4.3920631876981E+00  5.4970902853696E+00
 -1.7015718044610E+00  4.3920631876981E+00  5.4970902840253E+00 -1.7015718043814E+00
  4.3920631865022E+00 -5.4970902840253E+00  1.7015718043814E+00 -4.3920631865022E+00
  1.2121607791602E+01 -4.8515230632665E-01  1.1766538963645E+01  1.2121607791602E+01
 -4.8515230632665E-01  1.1766538963645E+01  1.2121607508442E+01 -4.8515228541183E-01
  1.1766538691473E+01  1.2121607508442E+01 -4.8515228541183E-01  1.1766538691473E+01
 -1.2121607791603E+01  4.8515230632668E-01 -1.1766538963646E+01  1.2121607791603E+01
 -4.8515230632668E-01  1.1766538963646E+01 -1.2121607508441E+01  4.8515228541182E-01
 -1.1766538691472E+01  1.2121607508441E+01 -4.8515228541182E-01  1.1766538691472E+01
  1.3258145622507E+01 -9.8580200012410E-01  1.2741822310428E+01 -1.3258145622507E+01
  9.8580200012410E-01 -1.2741822310428E+01 -1.3258145881790E+01  9.8580201048373E-01
 -1.2741822562093E+01  1.3258145881790E+01 -9.8580201048373E-01  1.2741822562093E+01
  1.3258145622509E+01 -9.8580200012415E-01  1.2741822310429E+01  1.3258145622509E+01
 -9.8580200012415E-01  1.2741822310429E+01 -1.3258145881789E+01  9.8580201048370E-01
 -1.2741822562092E+01 -1.3258145881789E+01  9.8580201048370E-01 -1.2741822562092E+01
          1          1          0
  4.7156605107101E-02 -4.1999174467538E-14  2.5230286192566E-01  6.8123474369121E-15
 -1.1546295813734E-01 -3.8155913115981E-14  4.2361573926166E-14 -4.7156541244263E-02
 -6.6053632378497E-15 -2.5230287487421E-01  3.9318640160177E-14  1.1546301979869E-01
  3.3344740060288E-02 -3.3344740060370E-02  1.7840507087083E-01 -1.7840507087083E-01
 -8.1644657173324E-02  8.1644657173249E-02  3.3344723374335E-02 -3.3344723374208E-02
  1.7840506806940E-01 -1.7840506806941E-01 -8.1644669305315E-02  8.1644669305433E-02
  7.8976877865820E-02  7.8976877865951E-02 -1.2405542708519E-01 -1.2405542708520E-01
  1.2034544714645E-01  1.2034544714657E-01 -7.8976870511372E-02  7.8976870511520E-02
  1.2405542756546E-01 -1.2405542756548E-01 -1.2034544240889E-01  1.2034544240902E-01
  3.6728935453651E-01  1.1003366726033E-14 -5.7693118483627E-01  1.1080099916443E-15
  5.5967765945005E-01  1.0283421485354E-14 -3.6728934558763E-01  7.9842204149405E-15
  5.7693118599001E-01  3.6244228483730E-16 -5.5967765392379E-01  7.7151048088002E-15
  3.7249498881017E-14  3.6728935857133E-01  2.4292025187879E-15 -5.7693118717499E-01
  3.2004600544080E-14  5.5967766592104E-01 -3.6728934091944E-01 -3.9672101701942E-14
  5.7693118353772E-01 -7.7779260549662E-16 -5.5967764692113E-01 -3.4701448947791E-14
 -7.8976911937300E-02 -7.8976911937386E-02  1.2405543264853E-01  1.2405543264854E-01
 -1.2034547502319E-01 -1.2034547502326E-01  7.8976898392482E-02  7.8976898392406E-02
 -1.2405543555703E-01 -1.2405543555702E-01  1.2034546406933E-01  1.2034546406926E-01
  5.7112062235750E-02  5.7112062235614E-02 -4.0258498467773E-01 -4.0258498467771E-01
  2.0126451694190E-01  2.0126451694178E-01  5.7112057016561E-02 -5.7112057016414E-02
 -4.0258498335900E-01  4.0258498335899E-01  2.0126451150497E-01 -2.0126451150484E-01
 -8.0768647504480E-02  1.4514487863109E-13  5.6934114455324E-01 -1.5560230144463E-14
 -2.8463100398783E-01  1.2821076784121E-13 -8.0768649101710E-02 -1.3586206616935E-13
  5.6934114417965E-01  1.6639507298070E-14 -2.8463100536746E-01 -1.2031132159766E-13
 -2.9967105100615E+00 -2.9967105100709E+00  4.7353772551557E-01  4.7353772551752E-01
 -2.3629105111319E+00 -2.3629105111394E+00 -2.9966982343173E+00  2.9966982343229E+00
  4.7353504949324E-01 -4.7353504949458E-01 -2.3629006859012E+00  2.3629006859058E+00
 -4.2379789316036E+00  5.3428895883342E-12  6.6968135561420E-01 -1.2534820504901E-12
 -3.3416523160610E+00  4.2814956202242E-12 -4.2379809996354E+00 -7.7608025195515E-12
  6.6968180742174E-01  1.6230683802039E-12 -3.3416539720558E+00 -6.1794957343154E-12
 -2.3861346642845E-02 -4.7789470818642E-12  5.2021956255015E-03  9.0854456137402E-13
 -1.9098246725757E-02 -3.7297857987515E-12 -3.8454747763844E-12 -2.3862821351801E-02
  7.0942135439811E-13  5.2024062157668E-03 -2.9806004850256E-12 -1.9099444667083E-02
  4.9628697603982E+00 -4.9628697604073E+00 -1.0819818192184E+00  1.0819818192200E+00
  3.9722047725254E+00 -3.9722047725326E+00 -4.9628687176279E+00  4.9628687176275E+00
  1.0819816703097E+00 -1.0819816703101E+00 -3.9722039254580E+00  3.9722039254578E+00
 -4.1764899434595E-12  7.0185517671797E+00  7.7403355699436E-13 -1.5301524349050E+00
 -3.3050735575638E-12  5.6175411505654E+00 -7.0185621809189E+00  3.3854838377567E-12
  1.5301540814108E+00 -6.0127754691460E-13 -5.6175493526311E+00  2.6723216451398E-12
  1.6869346077917E-02  1.6869346081074E-02 -3.6779981237264E-03 -3.6779981240542E-03
  1.3502013226227E-02  1.3502013228709E-02 -1.6876801162985E-02 -1.6876801158558E-02
  3.6791746570302E-03  3.6791746564204E-03 -1.3507897564561E-02 -1.3507897561069E-02
  3.8794880871864E+00  3.8794880871880E+00 -1.2577610647968E+00 -1.2577610647972E+00
  3.1180461126961E+00  3.1180461126973E+00  3.8794881022147E+00 -3.8794881022150E+00
 -1.2577610680880E+00  1.2577610680880E+00  3.1180461247312E+00 -3.1180461247314E+00
 -5.4864246785512E+00 -9.3408659834085E-13  1.7787427583574E+00  2.9557061956809E-13
 -4.4095831091323E+00 -7.0768475060501E-13 -5.4864246784321E+00  5.7426992267774E-14
  1.7787427582662E+00 -9.3293279242526E-15 -4.4095831090027E+00 -5.6094880686335E-15
  8.6426279069032E+00  8.6426279069058E+00 -3.2575755739281E-01 -3.2575755739279E-01
  8.3832138851706E+00  8.3832138851731E+00  8.6426279554884E+00 -8.6426279554594E+00
 -3.2575755985556E-01  3.2575755985422E-01  8.3832139322542E+00 -8.3832139322261E+00
  1.2222521462528E+01  1.2352248644979E-12 -4.6069073549356E-01  7.3334745185962E-14
  1.1855654648684E+01  1.1965256604241E-12  1.2222521339577E+01  1.4449048251916E-11
 -4.6069074742995E-01 -5.7514682801478E-13  1.1855654511174E+01  1.4018239197998E-11
 -1.9997627636705E-11 -1.6844908546236E+01  9.5911136596644E-13  8.7022117839074E-01
 -1.9381714786584E-11 -1.6309298044868E+01  1.6844908546360E+01 -5.5201841488436E-13
 -8.7022117796413E-01  1.0233913527924E-13  1.6309298044654E+01 -5.1730413822844E-13
 -3.5290073890137E+00 -3.5290073889957E+00  1.8231128799674E-01  1.8231128799601E-01
 -3.4167970193715E+00 -3.4167970193540E+00  3.5290073890584E+00  3.5290073890558E+00
 -1.8231128738853E-01 -1.8231128738819E-01  3.4167970190680E+00  3.4167970190654E+00
  3.5290074614254E+00  3.5290074614256E+00 -1.8231129271433E-01 -1.8231129271415E-01
  3.4167970872960E+00  3.4167970872963E+00 -3.5290073421257E+00  3.5290073421202E+00
  1.8231128823617E-01 -1.8231128823569E-01 -3.4167969715397E+00  3.4167969715344E+00
 -1.6844908461844E+01  1.4442103212730E-11  8.7022117499991E-01 -8.0316659005401E-13
 -1.6309297962823E+01  1.3974472433487E-11  1.6844908630674E+01 -5.1974956844398E-13
 -8.7022118134057E-01 -3.1926654524656E-14  1.6309298126639E+01 -5.1207685658095E-13
  1.2519480934565E+01  4.5939842029598E-13 -8.5891007647349E-01 -5.8416624801146E-14
  1.2105613700162E+01  4.5165767007672E-13  9.9351964421648E-12 -1.2519480962044E+01
 -5.5109924996715E-13  8.5891008320521E-01  9.5990373583110E-12 -1.2105613722549E+01
 -8.8526100368997E+00  8.8526100369045E+00  6.0734114788635E-01 -6.0734114788651E-01
 -8.5599617022562E+00  8.5599617022608E+00 -8.8526100369017E+00  8.8526100368920E+00
  6.0734114805376E-01 -6.0734114805312E-01 -8.5599617023342E+00  8.5599617023248E+00
          3          3          0
  4.2361573926166E-14 -4.7156541244263E-02 -6.6053632378497E-15 -2.5230287487421E-01
  3.9318640160177E-14  1.1546301979869E-01  4.7156605107101E-02 -4.1999174467538E-14
  2.5230286192566E-01  6.8123474369121E-15 -1.1546295813734E-01 -3.8155913115981E-14
  3.3344723374335E-02 -3.3344723374208E-02  1.7840506806940E-01 -1.7840506806941E-01
 -8.1644669305315E-02  8.1644669305433E-02  3.3344740060288E-02 -3.3344740060370E-02
  1.7840507087083E-01 -1.7840507087083E-01 -8.1644657173324E-02  8.1644657173249E-02
 -7.8976870511372E-02  7.8976870511520E-02  1.2405542756546E-01 -1.2405542756548E-01
 -1.2034544240889E-01  1.2034544240902E-01  7.8976877865820E-02  7.8976877865951E-02
 -1.2405542708519E-01 -1.2405542708520E-01  1.2034544714645E-01  1.2034544714657E-01
 -3.6728934558763E-01  7.9842204149405E-15  5.7693118599001E-01  3.6244228483730E-16
 -5.5967765392379E-01  7.7151048088002E-15  3.6728935453651E-01  1.1003366726033E-14
 -5.7693118483627E-01  1.1080099916443E-15  5.5967765945005E-01  1.0283421485354E-14
 -3.6728934091944E-01 -3.9672101701942E-14  5.7693118353772E-01 -7.7779260549662E-16
 -5.5967764692113E-01 -3.4701448947791E-14  3.7249498881017E-14  3.6728935857133E-01
  2.4292025187879E-15 -5.7693118717499E-01  3.2004600544080E-14  5.5967766592104E-01
  7.8976898392482E-02  7.8976898392406E-02 -1.2405543555703E-01 -1.2405543555702E-01
  1.2034546406933E-01  1.2034546406926E-01 -7.8976911937300E-02 -7.8976911937386E-02
  1.2405543264853E-01  1.2405543264854E-01 -1.2034547502319E-01 -1.2034547502326E-01
  5.7112057016561E-02 -5.7112057016414E-02 -4.0258498335900E-01  4.0258498335899E-01
  2.0126451150497E-01 -2.0126451150484E-01  5.7112062235750E-02  5.7112062235614E-02
 -4.0258498467773E-01 -4.0258498467771E-01  2.0126451694190E-01  2.0126451694178E-01
 -8.0768649101710E-02 -1.3586206616935E-13  5.6934114417965E-01  1.6639507298070E-14
 -2.8463100536746E-01 -1.2031132159766E-13 -8.0768647504480E-02  1.4514487863109E-13
  5.6934114455324E-01 -1.5560230144463E-14 -2.8463100398783E-01  1.2821076784121E-13
 -2.9966982343173E+00  2.9966982343229E+00  4.7353504949324E-01 -4.7353504949458E-01
 -2.3629006859012E+00  2.3629006859058E+00 -2.9967105100615E+00 -2.9967105100709E+00
  4.7353772551557E-01  4.7353772551752E-01 -2.3629105111319E+00 -2.3629105111394E+00
 -4.2379809996354E+00 -7.7608025195515E-12  6.6968180742174E-01  1.6230683802039E-12
 -3.3416539720558E+00 -6.1794957343154E-12 -4.2379789316036E+00  5.3428895883342E-12
  6.6968135561420E-01 -1.2534820504901E-12 -3.3416523160610E+00  4.2814956202242E-12
 -3.8454747763844E-12 -2.3862821351801E-02  7.0942135439811E-13  5.2024062157668E-03
 -2.9806004850256E-12 -1.9099444667083E-02 -2.3861346642845E-02 -4.7789470818642E-12
  5.2021956255015E-03  9.0854456137402E-13 -1.9098246725757E-02 -3.7297857987515E-12
 -4.9628687176279E+00  4.9628687176275E+00  1.0819816703097E+00 -1.0819816703101E+00
 -3.9722039254580E+00  3.9722039254578E+00  4.9628697603982E+00 -4.9628697604073E+00
 -1.0819818192184E+00  1.0819818192200E+00  3.9722047725254E+00 -3.9722047725326E+00
 -7.0185621809189E+00  3.3854838377567E-12  1.5301540814108E+00 -6.0127754691460E-13
 -5.6175493526311E+00  2.6723216451398E-12 -4.1764899434595E-12  7.0185517671797E+00
  7.7403355699436E-13 -1.5301524349050E+00 -3.3050735575638E-12  5.6175411505654E+00
 -1.6876801162985E-02 -1.6876801158558E-02  3.6791746570302E-03  3.6791746564204E-03
 -1.3507897564561E-02 -1.3507897561069E-02  1.6869346077917E-02  1.6869346081074E-02
 -3.6779981237264E-03 -3.6779981240542E-03  1.3502013226227E-02  1.3502013228709E-02
  3.8794881022147E+00 -3.8794881022150E+00 -1.2577610680880E+00  1.2577610680880E+00
  3.1180461247312E+00 -3.1180461247314E+00  3.8794880871864E+00  3.8794880871880E+00
 -1.2577610647968E+00 -1.2577610647972E+00  3.1180461126961E+00  3.1180461126973E+00
 -5.4864246784321E+00  5.7426992267774E-14  1.7787427582662E+00 -9.3293279242526E-15
 -4.4095831090027E+00 -5.6094880686335E-15 -5.4864246785512E+00 -9.3408659834085E-13
  1.7787427583574E+00  2.9557061956809E-13 -4.4095831091323E+00 -7.0768475060501E-13
  8.6426279554884E+00 -8.6426279554594E+00 -3.2575755985556E-01  3.2575755985422E-01
  8.3832139322542E+00 -8.3832139322261E+00  8.6426279069032E+00  8.6426279069058E+00
 -3.2575755739281E-01 -3.2575755739279E-01  8.3832138851706E+00  8.3832138851731E+00
  1.2222521339577E+01  1.4449048251916E-11 -4.6069074742995E-01 -5.7514682801478E-13
  1.1855654511174E+01  1.4018239197998E-11  1.2222521462528E+01  1.2352248644979E-12
 -4.6069073549356E-01  7.3334745185962E-14  1.1855654648684E+01  1.1965256604241E-12
  1.6844908546360E+01 -5.5201841488436E-13 -8.7022117796413E-01  1.0233913527924E-13
  1.6309298044654E+01 -5.1730413822844E-13 -1.9997627636705E-11 -1.6844908546236E+01
  9.5911136596644E-13  8.7022117839074E-01 -1.9381714786584E-11 -1.6309298044868E+01
  3.5290073890584E+00  3.5290073890558E+00 -1.8231128738853E-01 -1.8231128738819E-01
  3.4167970190680E+00  3.4167970190654E+00 -3.5290073890137E+00 -3.5290073889957E+00
  1.8231128799674E-01  1.8231128799601E-01 -3.4167970193715E+00 -3.4167970193540E+00
 -3.5290073421257E+00  3.5290073421202E+00  1.8231128823617E-01 -1.8231128823569E-01
 -3.4167969715397E+00  3.4167969715344E+00  3.5290074614254E+00  3.5290074614256E+00
 -1.8231129271433E-01 -1.8231129271415E-01  3.4167970872960E+00  3.4167970872963E+00
  1.6844908630674E+01 -5.1974956844398E-13 -8.7022118134057E-01 -3.1926654524656E-14
  1.6309298126639E+01 -5.1207685658095E-13 -1.6844908461844E+01  1.4442103212730E-11
  8.7022117499991E-01 -8.0316659005401E-13 -1.6309297962823E+01  1.3974472433487E-11
  9.9351964421648E-12 -1.2519480962044E+01 -5.5109924996715E-13  8.5891008320521E-01
  9.5990373583110E-12 -1.2105613722549E+01  1.2519480934565E+01  4.5939842029598E-13
 -8.5891007647349E-01 -5.8416624801146E-14  1.2105613700162E+01  4.5165767007672E-13
 -8.8526100369017E+00  8.8526100368920E+00  6.0734114805376E-01 -6.0734114805312E-01
 -8.5599617023342E+00  8.5599617023248E+00 -8.8526100368997E+00  8.8526100369045E+00
  6.0734114788635E-01 -6.0734114788651E-01 -8.5599617022562E+00  8.5599617022608E+00
          3          1          0
  3.3344723374335E-02 -3.3344723374208E-02  1.7840506806940E-01 -1.7840506806941E-01
 -8.1644669305315E-02  8.1644669305433E-02  3.3344740060288E-02 -3.3344740060370E-02
  1.7840507087083E-01 -1.7840507087083E-01 -8.1644657173324E-02  8.1644657173249E-02
  4.7156605107101E-02 -4.1999174467538E-14  2.5230286192566E-01  6.8123474369121E-15
 -1.1546295813734E-01 -3.8155913115981E-14  4.2361573926166E-14 -4.7156541244263E-02
 -6.6053632378497E-15 -2.5230287487421E-01  3.9318640160177E-14  1.1546301979869E-01
 -3.6728934558763E-01  7.9842204149405E-15  5.7693118599001E-01  3.6244228483730E-16
 -5.5967765392379E-01  7.7151048088002E-15  3.6728935453651E-01  1.1003366726033E-14
 -5.7693118483627E-01  1.1080099916443E-15  5.5967765945005E-01  1.0283421485354E-14
  7.8976877865820E-02  7.8976877865951E-02 -1.2405542708519E-01 -1.2405542708520E-01
  1.2034544714645E-01  1.2034544714657E-01 -7.8976870511372E-02  7.8976870511520E-02
  1.2405542756546E-01 -1.2405542756548E-01 -1.2034544240889E-01  1.2034544240902E-01
  7.8976898392482E-02  7.8976898392406E-02 -1.2405543555703E-01 -1.2405543555702E-01
  1.2034546406933E-01  1.2034546406926E-01 -7.8976911937300E-02 -7.8976911937386E-02
  1.2405543264853E-01  1.2405543264854E-01 -1.2034547502319E-01 -1.2034547502326E-01
  3.7249498881017E-14  3.6728935857133E-01  2.4292025187879E-15 -5.7693118717499E-01
  3.2004600544080E-14  5.5967766592104E-01 -3.6728934091944E-01 -3.9672101701942E-14
  5.7693118353772E-01 -7.7779260549662E-16 -5.5967764692113E-01 -3.4701448947791E-14
 -8.0768649101710E-02 -1.3586206616935E-13  5.6934114417965E-01  1.6639507298070E-14
 -2.8463100536746E-01 -1.2031132159766E-13 -8.0768647504480E-02  1.4514487863109E-13
  5.6934114455324E-01 -1.5560230144463E-14 -2.8463100398783E-01  1.2821076784121E-13
  5.7112062235750E-02  5.7112062235614E-02 -4.0258498467773E-01 -4.0258498467771E-01
  2.0126451694190E-01  2.0126451694178E-01  5.7112057016561E-02 -5.7112057016414E-02
 -4.0258498335900E-01  4.0258498335899E-01  2.0126451150497E-01 -2.0126451150484E-01
 -4.2379809996354E+00 -7.7608025195515E-12  6.6968180742174E-01  1.6230683802039E-12
 -3.3416539720558E+00 -6.1794957343154E-12 -4.2379789316036E+00  5.3428895883342E-12
  6.6968135561420E-01 -1.2534820504901E-12 -3.3416523160610E+00  4.2814956202242E-12
 -2.9967105100615E+00 -2.9967105100709E+00  4.7353772551557E-01  4.7353772551752E-01
 -2.3629105111319E+00 -2.3629105111394E+00 -2.9966982343173E+00  2.9966982343229E+00
  4.7353504949324E-01 -4.7353504949458E-01 -2.3629006859012E+00  2.3629006859058E+00
 -4.9628687176279E+00  4.9628687176275E+00  1.0819816703097E+00 -1.0819816703101E+00
 -3.9722039254580E+00  3.9722039254578E+00  4.9628697603982E+00 -4.9628697604073E+00
 -1.0819818192184E+00  1.0819818192200E+00  3.9722047725254E+00 -3.9722047725326E+00
 -2.3861346642845E-02 -4.7789470818642E-12  5.2021956255015E-03  9.0854456137402E-13
 -1.9098246725757E-02 -3.7297857987515E-12 -3.8454747763844E-12 -2.3862821351801E-02
  7.0942135439811E-13  5.2024062157668E-03 -2.9806004850256E-12 -1.9099444667083E-02
 -1.6876801162985E-02 -1.6876801158558E-02  3.6791746570302E-03  3.6791746564204E-03
 -1.3507897564561E-02 -1.3507897561069E-02  1.6869346077917E-02  1.6869346081074E-02
 -3.6779981237264E-03 -3.6779981240542E-03  1.3502013226227E-02  1.3502013228709E-02
 -4.1764899434595E-12  7.0185517671797E+00  7.7403355699436E-13 -1.5301524349050E+00
 -3.3050735575638E-12  5.6175411505654E+00 -7.0185621809189E+00  3.3854838377567E-12
  1.5301540814108E+00 -6.0127754691460E-13 -5.6175493526311E+00  2.6723216451398E-12
 -5.4864246784321E+00  5.7426992267774E-14  1.7787427582662E+00 -9.3293279242526E-15
 -4.4095831090027E+00 -5.6094880686335E-15 -5.4864246785512E+00 -9.3408659834085E-13
  1.7787427583574E+00  2.9557061956809E-13 -4.4095831091323E+00 -7.0768475060501E-13
  3.8794880871864E+00  3.8794880871880E+00 -1.2577610647968E+00 -1.2577610647972E+00
  3.1180461126961E+00  3.1180461126973E+00  3.8794881022147E+00 -3.8794881022150E+00
 -1.2577610680880E+00  1.2577610680880E+00  3.1180461247312E+00 -3.1180461247314E+00
  1.2222521339577E+01  1.4449048251916E-11 -4.6069074742995E-01 -5.7514682801478E-13
  1.1855654511174E+01  1.4018239197998E-11  1.2222521462528E+01  1.2352248644979E-12
 -4.6069073549356E-01  7.3334745185962E-14  1.1855654648684E+01  1.1965256604241E-12
  8.6426279069032E+00  8.6426279069058E+00 -3.2575755739281E-01 -3.2575755739279E-01
  8.3832138851706E+00  8.3832138851731E+00  8.6426279554884E+00 -8.6426279554594E+00
 -3.2575755985556E-01  3.2575755985422E-01  8.3832139322542E+00 -8.3832139322261E+00
  3.5290073890584E+00  3.5290073890558E+00 -1.8231128738853E-01 -1.8231128738819E-01
  3.4167970190680E+00  3.4167970190654E+00 -3.5290073890137E+00 -3.5290073889957E+00
  1.8231128799674E-01  1.8231128799601E-01 -3.4167970193715E+00 -3.4167970193540E+00
 -1.9997627636705E-11 -1.6844908546236E+01  9.5911136596644E-13  8.7022117839074E-01
 -1.9381714786584E-11 -1.6309298044868E+01  1.6844908546360E+01 -5.5201841488436E-13
 -8.7022117796413E-01  1.0233913527924E-13  1.6309298044654E+01 -5.1730413822844E-13
  1.6844908630674E+01 -5.1974956844398E-13 -8.7022118134057E-01 -3.1926654524656E-14
  1.6309298126639E+01 -5.1207685658095E-13 -1.6844908461844E+01  1.4442103212730E-11
  8.7022117499991E-01 -8.0316659005401E-13 -1.6309297962823E+01  1.3974472433487E-11
  3.5290074614254E+00  3.5290074614256E+00 -1.8231129271433E-01 -1.8231129271415E-01
  3.4167970872960E+00  3.4167970872963E+00 -3.5290073421257E+00  3.5290073421202E+00
  1.8231128823617E-01 -1.8231128823569E-01 -3.4167969715397E+00  3.4167969715344E+00
 -8.8526100369017E+00  8.8526100368920E+00  6.0734114805376E-01 -6.0734114805312E-01
 -8.5599617023342E+00  8.5599617023248E+00 -8.8526100368997E+00  8.8526100369045E+00
  6.0734114788635E-01 -6.0734114788651E-01 -8.5599617022562E+00  8.5599617022608E+00
  1.2519480934565E+01  4.5939842029598E-13 -8.5891007647349E-01 -5.8416624801146E-14
  1.2105613700162E+01  4.5165767007672E-13  9.9351964421648E-12 -1.2519480962044E+01
 -5.5109924996715E-13  8.5891008320521E-01  9.5990373583110E-12 -1.2105613722549E+01
          1          3          0
  3.3344740060288E-02 -3.3344740060370E-02  1.7840507087083E-01 -1.7840507087083E-01
 -8.1644657173324E-02  8.1644657173249E-02  3.3344723374335E-02 -3.3344723374208E-02
  1.7840506806940E-01 -1.7840506806941E-01 -8.1644669305315E-02  8.1644669305433E-02
  4.2361573926166E-14 -4.7156541244263E-02 -6.6053632378497E-15 -2.5230287487421E-01
  3.9318640160177E-14  1.1546301979869E-01  4.7156605107101E-02 -4.1999174467538E-14
  2.5230286192566E-01  6.8123474369121E-15 -1.1546295813734E-01 -3.8155913115981E-14
  3.6728935453651E-01  1.1003366726033E-14 -5.7693118483627E-01  1.1080099916443E-15
  5.5967765945005E-01  1.0283421485354E-14 -3.6728934558763E-01  7.9842204149405E-15
  5.7693118599001E-01  3.6244228483730E-16 -5.5967765392379E-01  7.7151048088002E-15
 -7.8976870511372E-02  7.8976870511520E-02  1.2405542756546E-01 -1.2405542756548E-01
 -1.2034544240889E-01  1.2034544240902E-01  7.8976877865820E-02  7.8976877865951E-02
 -1.2405542708519E-01 -1.2405542708520E-01  1.2034544714645E-01  1.2034544714657E-01
 -7.8976911937300E-02 -7.8976911937386E-02  1.2405543264853E-01  1.2405543264854E-01
 -1.2034547502319E-01 -1.2034547502326E-01  7.8976898392482E-02  7.8976898392406E-02
 -1.2405543555703E-01 -1.2405543555702E-01  1.2034546406933E-01  1.2034546406926E-01
 -3.6728934091944E-01 -3.9672101701942E-14  5.7693118353772E-01 -7.7779260549662E-16
 -5.5967764692113E-01 -3.4701448947791E-14  3.7249498881017E-14  3.6728935857133E-01
  2.4292025187879E-15 -5.7693118717499E-01  3.2004600544080E-14  5.5967766592104E-01
 -8.0768647504480E-02  1.4514487863109E-13  5.6934114455324E-01 -1.5560230144463E-14
 -2.8463100398783E-01  1.2821076784121E-13 -8.0768649101710E-02 -1.3586206616935E-13
  5.6934114417965E-01  1.6639507298070E-14 -2.8463100536746E-01 -1.2031132159766E-13
  5.7112057016561E-02 -5.7112057016414E-02 -4.0258498335900E-01  4.0258498335899E-01
  2.0126451150497E-01 -2.0126451150484E-01  5.7112062235750E-02  5.7112062235614E-02
 -4.0258498467773E-01 -4.0258498467771E-01  2.0126451694190E-01  2.0126451694178E-01
 -4.2379789316036E+00  5.3428895883342E-12  6.6968135561420E-01 -1.2534820504901E-12
 -3.3416523160610E+00  4.2814956202242E-12 -4.2379809996354E+00 -7.7608025195515E-12
  6.6968180742174E-01  1.6230683802039E-12 -3.3416539720558E+00 -6.1794957343154E-12
 -2.9966982343173E+00  2.9966982343229E+00  4.7353504949324E-01 -4.7353504949458E-01
 -2.3629006859012E+00  2.3629006859058E+00 -2.9967105100615E+00 -2.9967105100709E+00
  4.7353772551557E-01  4.7353772551752E-01 -2.3629105111319E+00 -2.3629105111394E+00
  4.9628697603982E+00 -4.9628697604073E+00 -1.0819818192184E+00  1.0819818192200E+00
  3.9722047725254E+00 -3.9722047725326E+00 -4.9628687176279E+00  4.9628687176275E+00
  1.0819816703097E+00 -1.0819816703101E+00 -3.9722039254580E+00  3.9722039254578E+00
 -3.8454747763844E-12 -2.3862821351801E-02  7.0942135439811E-13  5.2024062157668E-03
 -2.9806004850256E-12 -1.9099444667083E-02 -2.3861346642845E-02 -4.7789470818642E-12
  5.2021956255015E-03  9.0854456137402E-13 -1.9098246725757E-02 -3.7297857987515E-12
  1.6869346077917E-02  1.6869346081074E-02 -3.6779981237264E-03 -3.6779981240542E-03
  1.3502013226227E-02  1.3502013228709E-02 -1.6876801162985E-02 -1.6876801158558E-02
  3.6791746570302E-03  3.6791746564204E-03 -1.3507897564561E-02 -1.3507897561069E-02
 -7.0185621809189E+00  3.3854838377567E-12  1.5301540814108E+00 -6.0127754691460E-13
 -5.6175493526311E+00  2.6723216451398E-12 -4.1764899434595E-12  7.0185517671797E+00
  7.7403355699436E-13 -1.5301524349050E+00 -3.3050735575638E-12  5.6175411505654E+00
 -5.4864246785512E+00 -9.3408659834085E-13  1.7787427583574E+00  2.9557061956809E-13
 -4.4095831091323E+00 -7.0768475060501E-13 -5.4864246784321E+00  5.7426992267774E-14
  1.7787427582662E+00 -9.3293279242526E-15 -4.4095831090027E+00 -5.6094880686335E-15
  3.8794881022147E+00 -3.8794881022150E+00 -1.2577610680880E+00  1.2577610680880E+00
  3.1180461247312E+00 -3.1180461247314E+00  3.8794880871864E+00  3.8794880871880E+00
 -1.2577610647968E+00 -1.2577610647972E+00  3.1180461126961E+00  3.1180461126973E+00
  1.2222521462528E+01  1.2352248644979E-12 -4.6069073549356E-01  7.3334745185962E-14
  1.1855654648684E+01  1.1965256604241E-12  1.2222521339577E+01  1.4449048251916E-11
 -4.6069074742995E-01 -5.7514682801478E-13  1.1855654511174E+01  1.4018239197998E-11
  8.6426279554884E+00 -8.6426279554594E+00 -3.2575755985556E-01  3.2575755985422E-01
  8.3832139322542E+00 -8.3832139322261E+00  8.6426279069032E+00  8.6426279069058E+00
 -3.2575755739281E-01 -3.2575755739279E-01  8.3832138851706E+00  8.3832138851731E+00
 -3.5290073890137E+00 -3.5290073889957E+00  1.8231128799674E-01  1.8231128799601E-01
 -3.4167970193715E+00 -3.4167970193540E+00  3.5290073890584E+00  3.5290073890558E+00
 -1.8231128738853E-01 -1.8231128738819E-01  3.4167970190680E+00  3.4167970190654E+00
  1.6844908546360E+01 -5.5201841488436E-13 -8.7022117796413E-01  1.0233913527924E-13
  1.6309298044654E+01 -5.1730413822844E-13 -1.9997627636705E-11 -1.6844908546236E+01
  9.5911136596644E-13  8.7022117839074E-01 -1.9381714786584E-11 -1.6309298044868E+01
 -1.6844908461844E+01  1.4442103212730E-11  8.7022117499991E-01 -8.0316659005401E-13
 -1.6309297962823E+01  1.3974472433487E-11  1.6844908630674E+01 -5.1974956844398E-13
 -8.7022118134057E-01 -3.1926654524656E-14  1.6309298126639E+01 -5.1207685658095E-13
 -3.5290073421257E+00  3.5290073421202E+00  1.8231128823617E-01 -1.8231128823569E-01
 -3.4167969715397E+00  3.4167969715344E+00  3.5290074614254E+00  3.5290074614256E+00
 -1.8231129271433E-01 -1.8231129271415E-01  3.4167970872960E+00  3.4167970872963E+00
 -8.8526100368997E+00  8.8526100369045E+00  6.0734114788635E-01 -6.0734114788651E-01
 -8.5599617022562E+00  8.5599617022608E+00 -8.8526100369017E+00  8.8526100368920E+00
  6.0734114805376E-01 -6.0734114805312E-01 -8.5599617023342E+00  8.5599617023248E+00
  9.9351964421648E-12 -1.2519480962044E+01 -5.5109924996715E-13  8.5891008320521E-01
  9.5990373583110E-12 -1.2105613722549E+01  1.2519480934565E+01  4.5939842029598E-13
 -8.5891007647349E-01 -5.8416624801146E-14  1.2105613700162E+01  4.5165767007672E-13
          2          1          0
  6.4071156337314E-17 -2.2293837528659E-16 -1.5361592586887E-17  3.7102913161501E-17
  5.6544175112333E-17 -2.0025363563220E-16 -1.1238958783605E-01 -1.4054991942784E-14
  4.4731542629848E-01 -6.5461560959569E-16 -3.2808089642304E-01 -1.2330768233727E-14
 -7.9471439257459E-02 -7.9471439257554E-02  3.1629977141394E-01  3.1629977141395E-01
 -2.3198822621392E-01 -2.3198822621401E-01  0.0000000000000E+00  0.0000000000000E+00
  0.0000000000000E+00  0.0000000000000E+00  0.0000000000000E+00  0.0000000000000E+00
 -1.1238958783605E-01  1.7192381263279E-14  4.4731542629848E-01  1.0208309799123E-15
 -3.2808089642304E-01  1.5750521138619E-14  4.0916821613227E-16  2.4260922039374E-16
 -7.0066684625452E-17 -3.7071839547160E-17  3.6702828862953E-16  2.1822464881860E-16
 -1.8016785397739E-16  1.8194195515588E-16  3.0111880310968E-17  4.6469741138050E-18
 -1.6198174516106E-16  1.7201045470002E-16 -7.9471439257479E-02  7.9471439257615E-02
  3.1629977141394E-01 -3.1629977141396E-01 -2.3198822621394E-01  2.3198822621407E-01
  2.8002241957901E-01  2.8002241957904E-01 -5.0633234963679E-01 -5.0633234963680E-01
  4.2912438886688E-01  4.2912438886691E-01  1.7339033240838E-16  6.5652090368287E-16
 -3.4561862960386E-17 -1.0860332718217E-16  1.5487243165831E-16  5.8938437114421E-16
 -3.9772394916821E-16  1.4444431083376E-17  2.9993376097397E-17  3.4195512792490E-17
 -3.6653159232158E-16  2.2003888915984E-17 -3.9601181033238E-01 -1.3055642487102E-13
  7.1606208459228E-01  1.4793200651242E-14 -6.0687383350248E-01 -1.1710035233097E-13
  1.1138366129663E-16 -5.6560812445688E-16 -1.6192531970434E-17  9.2931129432265E-17
  1.0046595403710E-16 -5.0830558316759E-16  2.8002241957901E-01 -2.8002241957903E-01
 -5.0633234963679E-01  5.0633234963680E-01  4.2912438886688E-01 -4.2912438886690E-01
 -3.9601181033236E-01  1.2315764285618E-13  7.1606208459228E-01 -1.4066400990028E-14
 -6.0687383350247E-01  1.1036802453728E-13  0.0000000000000E+00  0.0000000000000E+00
  0.0000000000000E+00  0.0000000000000E+00  0.0000000000000E+00  0.0000000000000E+00
 -6.1763885615298E+00 -6.3692146777266E-13  1.1047867676057E+00  2.3382385689261E-13
 -4.8957820540213E+00 -4.9816582110168E-13  2.5483339216794E-17 -7.5015677765324E-17
 -1.4012382808325E-17  1.0207122171438E-17  2.1308663168013E-17 -6.7777627227903E-17
 -1.8915047722349E-16  4.7962504400218E-16  3.3105628532881E-17 -5.6800238814762E-17
 -1.6936385637394E-16  4.4078901818220E-16 -4.3673660668286E+00  4.3673660668318E+00
  7.8120220709684E-01 -7.8120220709754E-01 -3.4618405279256E+00  3.4618405279281E+00
 -1.5542706408806E-16 -3.9770041338799E-17  1.1588953256180E-17  1.7637883209559E-17
 -1.4149798765701E-16 -3.4296452487783E-17 -6.1763885615303E+00  5.4592328185805E-13
  1.1047867676058E+00 -2.0121297727830E-13 -4.8957820540217E+00  4.2414169215353E-13
 -4.3673660668284E+00 -4.3673660668312E+00  7.8120220709680E-01  7.8120220709741E-01
 -3.4618405279254E+00 -3.4618405279276E+00  0.0000000000000E+00  0.0000000000000E+00
  0.0000000000000E+00  0.0000000000000E+00  0.0000000000000E+00  0.0000000000000E+00
  4.9309863598699E+00  4.9309863598730E+00 -1.2584799156969E+00 -1.2584799156975E+00
  3.9391913772463E+00  3.9391913772488E+00  1.9884402217631E-16  3.9231197190571E-16
 -4.3145208365730E-17 -7.5240948651294E-17  1.7703920971743E-16  3.5042596834587E-16
 -8.1863612432057E-16  2.4762595920843E-16  9.4531664495529E-17  3.4368278508718E-18
 -7.4932459301221E-16  2.3714140464814E-16 -6.9734677916023E+00  2.9859443789506E-13
  1.7797593656932E+00 -1.2779969924247E-14 -5.5708578749612E+00  2.0003368822116E-13
  1.4018604301134E-16 -5.0540441787441E-16 -2.3244642821724E-17  1.0341189400276E-16
  1.2555940257408E-16 -4.5103845715384E-16  4.9309863598697E+00 -4.9309863598724E+00
 -1.2584799156969E+00  1.2584799156974E+00  3.9391913772462E+00 -3.9391913772484E+00
 -6.9734677916026E+00 -2.6633916186738E-13  1.7797593656933E+00  1.1337615818546E-14
 -5.5708578749614E+00 -1.8082463791881E-13  0.0000000000000E+00  0.0000000000000E+00
  0.0000000000000E+00  0.0000000000000E+00  0.0000000000000E+00  0.0000000000000E+00
  1.7055150753128E+01 -4.5811072542927E-13 -6.9745655816368E-01  9.9286526486579E-14
  1.6566227496367E+01 -4.1876558803708E-13  1.2235859144549E-16  1.3612499459184E-16
 -1.8298237416280E-17 -2.4095636697454E-17  1.0955509906227E-16  1.2132294259170E-16
  6.3655065210450E-17 -4.2895144689669E-16 -1.2497247920119E-17  6.1933297733124E-17
  5.6501898628848E-17 -3.9104410385944E-16  1.2059812750243E+01 -1.2059812750229E+01
 -4.9317625214905E-01  4.9317625214839E-01  1.1714091796877E+01 -1.1714091796864E+01
  1.0484112280968E-16 -2.4365948902128E-17 -1.1758906505644E-17 -1.4886991546180E-18
  9.3879138333719E-17 -2.1793124614627E-17  1.7055150753136E+01  3.8088839199730E-13
 -6.9745655816409E-01 -8.9387725690457E-14  1.6566227496375E+01  3.5313376618525E-13
  1.2059812750237E+01  1.2059812750225E+01 -4.9317625214874E-01 -4.9317625214814E-01
  1.1714091796871E+01  1.1714091796859E+01  0.0000000000000E+00  0.0000000000000E+00
  0.0000000000000E+00  0.0000000000000E+00  0.0000000000000E+00  0.0000000000000E+00
 -1.2287784321906E+01 -1.2287784321893E+01  6.8379517742298E-01  6.8379517742234E-01
 -1.1910435826243E+01 -1.1910435826230E+01 -6.1164229137646E-17  9.9568313087235E-18
  1.4563880069575E-17 -6.7179436499490E-19 -5.4224225688093E-17  8.2447295216368E-18
  4.8678771681490E-16 -2.7492086318793E-16 -6.4971788835241E-17  2.6767256363239E-17
  4.4377645544147E-16 -2.5440637820449E-16  1.7377551316917E+01  3.6555809956101E-13
 -9.6703242844935E-01  3.9360119243156E-14  1.6843899939563E+01  3.5386027550199E-13
 -4.0173593272963E-17  1.3047176255007E-16  8.2289017654779E-18 -3.2582044825014E-17
 -3.5483479184627E-17  1.1650810094754E-16 -1.2287784321901E+01  1.2287784321888E+01
  6.8379517742275E-01 -6.8379517742216E-01 -1.1910435826238E+01  1.1910435826226E+01
  1.7377551316925E+01 -3.0855641034189E-13 -9.6703242844969E-01 -3.8167954390846E-14
  1.6843899939571E+01 -2.9903899647581E-13  0.0000000000000E+00  0.0000000000000E+00
  0.0000000000000E+00  0.0000000000000E+00  0.0000000000000E+00  0.0000000000000E+00
          2          3          0
 -1.1238958783605E-01 -1.4054991942784E-14  4.4731542629848E-01 -6.5461560959569E-16
 -3.2808089642304E-01 -1.2330768233727E-14  6.4071156337314E-17 -2.2293837528659E-16
 -1.5361592586887E-17  3.7102913161501E-17  5.6544175112333E-17 -2.0025363563220E-16
  0.0000000000000E+00  0.0000000000000E+00  0.0000000000000E+00  0.0000000000000E+00
  0.0000000000000E+00  0.0000000000000E+00 -7.9471439257459E-02 -7.9471439257554E-02
  3.1629977141394E-01  3.1629977141395E-01 -2.3198822621392E-01 -2.3198822621401E-01
  4.0916821613227E-16  2.4260922039374E-16 -7.0066684625452E-17 -3.7071839547160E-17
  3.6702828862953E-16  2.1822464881860E-16 -1.1238958783605E-01  1.7192381263279E-14
  4.4731542629848E-01  1.0208309799123E-15 -3.2808089642304E-01  1.5750521138619E-14
 -7.9471439257479E-02  7.9471439257615E-02  3.1629977141394E-01 -3.1629977141396E-01
 -2.3198822621394E-01  2.3198822621407E-01 -1.8016785397739E-16  1.8194195515588E-16
  3.0111880310968E-17  4.6469741138050E-18 -1.6198174516106E-16  1.7201045470002E-16
  1.7339033240838E-16  6.5652090368287E-16 -3.4561862960386E-17 -1.0860332718217E-16
  1.5487243165831E-16  5.8938437114421E-16  2.8002241957901E-01  2.8002241957904E-01
 -5.0633234963679E-01 -5.0633234963680E-01  4.2912438886688E-01  4.2912438886691E-01
 -3.9601181033238E-01 -1.3055642487102E-13  7.1606208459228E-01  1.4793200651242E-14
 -6.0687383350248E-01 -1.1710035233097E-13 -3.9772394916821E-16  1.4444431083376E-17
  2.9993376097397E-17  3.4195512792490E-17 -3.6653159232158E-16  2.2003888915984E-17
  2.8002241957901E-01 -2.8002241957903E-01 -5.0633234963679E-01  5.0633234963680E-01
  4.2912438886688E-01 -4.2912438886690E-01  1.1138366129663E-16 -5.6560812445688E-16
 -1.6192531970434E-17  9.2931129432265E-17  1.0046595403710E-16 -5.0830558316759E-16
  0.0000000000000E+00  0.0000000000000E+00  0.0000000000000E+00  0.0000000000000E+00
  0.0000000000000E+00  0.0000000000000E+00 -3.9601181033236E-01  1.2315764285618E-13
  7.1606208459228E-01 -1.4066400990028E-14 -6.0687383350247E-01  1.1036802453728E-13
  2.5483339216794E-17 -7.5015677765324E-17 -1.4012382808325E-17  1.0207122171438E-17
  2.1308663168013E-17 -6.7777627227903E-17 -6.1763885615298E+00 -6.3692146777266E-13
  1.1047867676057E+00  2.3382385689261E-13 -4.8957820540213E+00 -4.9816582110168E-13
 -4.3673660668286E+00  4.3673660668318E+00  7.8120220709684E-01 -7.8120220709754E-01
 -3.4618405279256E+00  3.4618405279281E+00 -1.8915047722349E-16  4.7962504400218E-16
  3.3105628532881E-17 -5.6800238814762E-17 -1.6936385637394E-16  4.4078901818220E-16
 -6.1763885615303E+00  5.4592328185805E-13  1.1047867676058E+00 -2.0121297727830E-13
 -4.8957820540217E+00  4.2414169215353E-13 -1.5542706408806E-16 -3.9770041338799E-17
  1.1588953256180E-17  1.7637883209559E-17 -1.4149798765701E-16 -3.4296452487783E-17
  0.0000000000000E+00  0.0000000000000E+00  0.0000000000000E+00  0.0000000000000E+00
  0.0000000000000E+00  0.0000000000000E+00 -4.3673660668284E+00 -4.3673660668312E+00
  7.8120220709680E-01  7.8120220709741E-01 -3.4618405279254E+00 -3.4618405279276E+00
  1.9884402217631E-16  3.9231197190571E-16 -4.3145208365730E-17 -7.5240948651294E-17
  1.7703920971743E-16  3.5042596834587E-16  4.9309863598699E+00  4.9309863598730E+00
 -1.2584799156969E+00 -1.2584799156975E+00  3.9391913772463E+00  3.9391913772488E+00
 -6.9734677916023E+00  2.9859443789506E-13  1.7797593656932E+00 -1.2779969924247E-14
 -5.5708578749612E+00  2.0003368822116E-13 -8.1863612432057E-16  2.4762595920843E-16
  9.4531664495529E-17  3.4368278508718E-18 -7.4932459301221E-16  2.3714140464814E-16
  4.9309863598697E+00 -4.9309863598724E+00 -1.2584799156969E+00  1.2584799156974E+00
  3.9391913772462E+00 -3.9391913772484E+00  1.4018604301134E-16 -5.0540441787441E-16
 -2.3244642821724E-17  1.0341189400276E-16  1.2555940257408E-16 -4.5103845715384E-16
  0.0000000000000E+00  0.0000000000000E+00  0.0000000000000E+00  0.0000000000000E+00
  0.0000000000000E+00  0.0000000000000E+00 -6.9734677916026E+00 -2.6633916186738E-13
  1.7797593656933E+00  1.1337615818546E-14 -5.5708578749614E+00 -1.8082463791881E-13
  1.2235859144549E-16  1.3612499459184E-16 -1.8298237416280E-17 -2.4095636697454E-17
  1.0955509906227E-16  1.2132294259170E-16  1.7055150753128E+01 -4.5811072542927E-13
 -6.9745655816368E-01  9.9286526486579E-14  1.6566227496367E+01 -4.1876558803708E-13
  1.2059812750243E+01 -1.2059812750229E+01 -4.9317625214905E-01  4.9317625214839E-01
  1.1714091796877E+01 -1.1714091796864E+01  6.3655065210450E-17 -4.2895144689669E-16
 -1.2497247920119E-17  6.1933297733124E-17  5.6501898628848E-17 -3.9104410385944E-16
  1.7055150753136E+01  3.8088839199730E-13 -6.9745655816409E-01 -8.9387725690457E-14
  1.6566227496375E+01  3.5313376618525E-13  1.0484112280968E-16 -2.4365948902128E-17
 -1.1758906505644E-17 -1.4886991546180E-18  9.3879138333719E-17 -2.1793124614627E-17
  0.0000000000000E+00  0.0000000000000E+00  0.0000000000000E+00  0.0000000000000E+00
  0.0000000000000E+00  0.0000000000000E+00  1.2059812750237E+01  1.2059812750225E+01
 -4.9317625214874E-01 -4.9317625214814E-01  1.1714091796871E+01  1.1714091796859E+01
 -6.1164229137646E-17  9.9568313087235E-18  1.4563880069575E-17 -6.7179436499490E-19
 -5.4224225688093E-17  8.2447295216368E-18 -1.2287784321906E+01 -1.2287784321893E+01
  6.8379517742298E-01  6.8379517742234E-01 -1.1910435826243E+01 -1.1910435826230E+01
  1.7377551316917E+01  3.6555809956101E-13 -9.6703242844935E-01  3.9360119243156E-14
  1.6843899939563E+01  3.5386027550199E-13  4.8678771681490E-16 -2.7492086318793E-16
 -6.4971788835241E-17  2.6767256363239E-17  4.4377645544147E-16 -2.5440637820449E-16
 -1.2287784321901E+01  1.2287784321888E+01  6.8379517742275E-01 -6.8379517742216E-01
 -1.1910435826238E+01  1.1910435826226E+01 -4.0173593272963E-17  1.3047176255007E-16
  8.2289017654779E-18 -3.2582044825014E-17 -3.5483479184627E-17  1.1650810094754E-16
  0.0000000000000E+00  0.0000000000000E+00  0.0000000000000E+00  0.0000000000000E+00
  0.0000000000000E+00  0.0000000000000E+00  1.7377551316925E+01 -3.0855641034189E-13
 -9.6703242844969E-01 -3.8167954390846E-14  1.6843899939571E+01 -2.9903899647581E-13
          3          2          0
  0.0000000000000E+00  0.0000000000000E+00  0.0000000000000E+00  0.0000000000000E+00
  0.0000000000000E+00  0.0000000000000E+00 -7.9471439257459E-02 -7.9471439257554E-02
  3.1629977141394E-01  3.1629977141395E-01 -2.3198822621392E-01 -2.3198822621401E-01
  6.4071156337314E-17 -2.2293837528659E-16 -1.5361592586887E-17  3.7102913161501E-17
  5.6544175112333E-17 -2.0025363563220E-16 -1.1238958783605E-01 -1.4054991942784E-14
  4.4731542629848E-01 -6.5461560959569E-16 -3.2808089642304E-01 -1.2330768233727E-14
 -7.9471439257479E-02  7.9471439257615E-02  3.1629977141394E-01 -3.1629977141396E-01
 -2.3198822621394E-01  2.3198822621407E-01 -1.8016785397739E-16  1.8194195515588E-16
  3.0111880310968E-17  4.6469741138050E-18 -1.6198174516106E-16  1.7201045470002E-16
 -1.1238958783605E-01  1.7192381263279E-14  4.4731542629848E-01  1.0208309799123E-15
 -3.2808089642304E-01  1.5750521138619E-14  4.0916821613227E-16  2.4260922039374E-16
 -7.0066684625452E-17 -3.7071839547160E-17  3.6702828862953E-16  2.1822464881860E-16
 -3.9601181033238E-01 -1.3055642487102E-13  7.1606208459228E-01  1.4793200651242E-14
 -6.0687383350248E-01 -1.1710035233097E-13 -3.9772394916821E-16  1.4444431083376E-17
  2.9993376097397E-17  3.4195512792490E-17 -3.6653159232158E-16  2.2003888915984E-17
  2.8002241957901E-01  2.8002241957904E-01 -5.0633234963679E-01 -5.0633234963680E-01
  4.2912438886688E-01  4.2912438886691E-01  1.7339033240838E-16  6.5652090368287E-16
 -3.4561862960386E-17 -1.0860332718217E-16  1.5487243165831E-16  5.8938437114421E-16
  0.0000000000000E+00  0.0000000000000E+00  0.0000000000000E+00  0.0000000000000E+00
  0.0000000000000E+00  0.0000000000000E+00 -3.9601181033236E-01  1.2315764285618E-13
  7.1606208459228E-01 -1.4066400990028E-14 -6.0687383350247E-01  1.1036802453728E-13
  1.1138366129663E-16 -5.6560812445688E-16 -1.6192531970434E-17  9.2931129432265E-17
  1.0046595403710E-16 -5.0830558316759E-16  2.8002241957901E-01 -2.8002241957903E-01
 -5.0633234963679E-01  5.0633234963680E-01  4.2912438886688E-01 -4.2912438886690E-01
 -4.3673660668286E+00  4.3673660668318E+00  7.8120220709684E-01 -7.8120220709754E-01
 -3.4618405279256E+00  3.4618405279281E+00 -1.8915047722349E-16  4.7962504400218E-16
  3.3105628532881E-17 -5.6800238814762E-17 -1.6936385637394E-16  4.4078901818220E-16
 -6.1763885615298E+00 -6.3692146777266E-13  1.1047867676057E+00  2.3382385689261E-13
 -4.8957820540213E+00 -4.9816582110168E-13  2.5483339216794E-17 -7.5015677765324E-17
 -1.4012382808325E-17  1.0207122171438E-17  2.1308663168013E-17 -6.7777627227903E-17
  0.0000000000000E+00  0.0000000000000E+00  0.0000000000000E+00  0.0000000000000E+00
  0.0000000000000E+00  0.0000000000000E+00 -4.3673660668284E+00 -4.3673660668312E+00
  7.8120220709680E-01  7.8120220709741E-01 -3.4618405279254E+00 -3.4618405279276E+00
 -1.5542706408806E-16 -3.9770041338799E-17  1.1588953256180E-17  1.7637883209559E-17
 -1.4149798765701E-16 -3.4296452487783E-17 -6.1763885615303E+00  5.4592328185805E-13
  1.1047867676058E+00 -2.0121297727830E-13 -4.8957820540217E+00  4.2414169215353E-13
 -6.9734677916023E+00  2.9859443789506E-13  1.7797593656932E+00 -1.2779969924247E-14
 -5.5708578749612E+00  2.0003368822116E-13 -8.1863612432057E-16  2.4762595920843E-16
  9.4531664495529E-17  3.4368278508718E-18 -7.4932459301221E-16  2.3714140464814E-16
  4.9309863598699E+00  4.9309863598730E+00 -1.2584799156969E+00 -1.2584799156975E+00
  3.9391913772463E+00  3.9391913772488E+00  1.9884402217631E-16  3.9231197190571E-16
 -4.3145208365730E-17 -7.5240948651294E-17  1.7703920971743E-16  3.5042596834587E-16
  0.0000000000000E+00  0.0000000000000E+00  0.0000000000000E+00  0.0000000000000E+00
  0.0000000000000E+00  0.0000000000000E+00 -6.9734677916026E+00 -2.6633916186738E-13
  1.7797593656933E+00  1.1337615818546E-14 -5.5708578749614E+00 -1.8082463791881E-13
  1.4018604301134E-16 -5.0540441787441E-16 -2.3244642821724E-17  1.0341189400276E-16
  1.2555940257408E-16 -4.5103845715384E-16  4.9309863598697E+00 -4.9309863598724E+00
 -1.2584799156969E+00  1.2584799156974E+00  3.9391913772462E+00 -3.9391913772484E+00
  1.2059812750243E+01 -1.2059812750229E+01 -4.9317625214905E-01  4.9317625214839E-01
  1.1714091796877E+01 -1.1714091796864E+01  6.3655065210450E-17 -4.2895144689669E-16
 -1.2497247920119E-17  6.1933297733124E-17  5.6501898628848E-17 -3.9104410385944E-16
  1.7055150753128E+01 -4.5811072542927E-13 -6.9745655816368E-01  9.9286526486579E-14
  1.6566227496367E+01 -4.1876558803708E-13  1.2235859144549E-16  1.3612499459184E-16
 -1.8298237416280E-17 -2.4095636697454E-17  1.0955509906227E-16  1.2132294259170E-16
  0.0000000000000E+00  0.0000000000000E+00  0.0000000000000E+00  0.0000000000000E+00
  0.0000000000000E+00  0.0000000000000E+00  1.2059812750237E+01  1.2059812750225E+01
 -4.9317625214874E-01 -4.9317625214814E-01  1.1714091796871E+01  1.1714091796859E+01
  1.0484112280968E-16 -2.4365948902128E-17 -1.1758906505644E-17 -1.4886991546180E-18
  9.3879138333719E-17 -2.1793124614627E-17  1.7055150753136E+01  3.8088839199730E-13
 -6.9745655816409E-01 -8.9387725690457E-14  1.6566227496375E+01  3.5313376618525E-13
  1.7377551316917E+01  3.6555809956101E-13 -9.6703242844935E-01  3.9360119243156E-14
  1.6843899939563E+01  3.5386027550199E-13  4.8678771681490E-16 -2.7492086318793E-16
 -6.4971788835241E-17  2.6767256363239E-17  4.4377645544147E-16 -2.5440637820449E-16
 -1.2287784321906E+01 -1.2287784321893E+01  6.8379517742298E-01  6.8379517742234E-01
 -1.1910435826243E+01 -1.1910435826230E+01 -6.1164229137646E-17  9.9568313087235E-18
  1.4563880069575E-17 -6.7179436499490E-19 -5.4224225688093E-17  8.2447295216368E-18
  0.0000000000000E+00  0.0000000000000E+00  0.0000000000000E+00  0.0000000000000E+00
  0.0000000000000E+00  0.0000000000000E+00  1.7377551316925E+01 -3.0855641034189E-13
 -9.6703242844969E-01 -3.8167954390846E-14  1.6843899939571E+01 -2.9903899647581E-13
 -4.0173593272963E-17  1.3047176255007E-16  8.2289017654779E-18 -3.2582044825014E-17
 -3.5483479184627E-17  1.1650810094754E-16 -1.2287784321901E+01  1.2287784321888E+01
  6.8379517742275E-01 -6.8379517742216E-01 -1.1910435826238E+01  1.1910435826226E+01
          1          2          0
 -7.9471439257459E-02 -7.9471439257554E-02  3.1629977141394E-01  3.1629977141395E-01
 -2.3198822621392E-01 -2.3198822621401E-01  0.0000000000000E+00  0.0000000000000E+00
  0.0000000000000E+00  0.0000000000000E+00  0.0000000000000E+00  0.0000000000000E+00
 -1.1238958783605E-01 -1.4054991942784E-14  4.4731542629848E-01 -6.5461560959569E-16
 -3.2808089642304E-01 -1.2330768233727E-14  6.4071156337314E-17 -2.2293837528659E-16
 -1.5361592586887E-17  3.7102913161501E-17  5.6544175112333E-17 -2.0025363563220E-16
 -1.8016785397739E-16  1.8194195515588E-16  3.0111880310968E-17  4.6469741138050E-18
 -1.6198174516106E-16  1.7201045470002E-16 -7.9471439257479E-02  7.9471439257615E-02
  3.1629977141394E-01 -3.1629977141396E-01 -2.3198822621394E-01  2.3198822621407E-01
  4.0916821613227E-16  2.4260922039374E-16 -7.0066684625452E-17 -3.7071839547160E-17
  3.6702828862953E-16  2.1822464881860E-16 -1.1238958783605E-01  1.7192381263279E-14
  4.4731542629848E-01  1.0208309799123E-15 -3.2808089642304E-01  1.5750521138619E-14
 -3.9772394916821E-16  1.4444431083376E-17  2.9993376097397E-17  3.4195512792490E-17
 -3.6653159232158E-16  2.2003888915984E-17 -3.9601181033238E-01 -1.3055642487102E-13
  7.1606208459228E-01  1.4793200651242E-14 -6.0687383350248E-01 -1.1710035233097E-13
  1.7339033240838E-16  6.5652090368287E-16 -3.4561862960386E-17 -1.0860332718217E-16
  1.5487243165831E-16  5.8938437114421E-16  2.8002241957901E-01  2.8002241957904E-01
 -5.0633234963679E-01 -5.0633234963680E-01  4.2912438886688E-01  4.2912438886691E-01
 -3.9601181033236E-01  1.2315764285618E-13  7.1606208459228E-01 -1.4066400990028E-14
 -6.0687383350247E-01  1.1036802453728E-13  0.0000000000000E+00  0.0000000000000E+00
  0.0000000000000E+00  0.0000000000000E+00  0.0000000000000E+00  0.0000000000000E+00
  2.8002241957901E-01 -2.8002241957903E-01 -5.0633234963679E-01  5.0633234963680E-01
  4.2912438886688E-01 -4.2912438886690E-01  1.1138366129663E-16 -5.6560812445688E-16
 -1.6192531970434E-17  9.2931129432265E-17  1.0046595403710E-16 -5.0830558316759E-16
 -1.8915047722349E-16  4.7962504400218E-16  3.3105628532881E-17 -5.6800238814762E-17
 -1.6936385637394E-16  4.4078901818220E-16 -4.3673660668286E+00  4.3673660668318E+00
  7.8120220709684E-01 -7.8120220709754E-01 -3.4618405279256E+00  3.4618405279281E+00
  2.5483339216794E-17 -7.5015677765324E-17 -1.4012382808325E-17  1.0207122171438E-17
  2.1308663168013E-17 -6.7777627227903E-17 -6.1763885615298E+00 -6.3692146777266E-13
  1.1047867676057E+00  2.3382385689261E-13 -4.8957820540213E+00 -4.9816582110168E-13
 -4.3673660668284E+00 -4.3673660668312E+00  7.8120220709680E-01  7.8120220709741E-01
 -3.4618405279254E+00 -3.4618405279276E+00  0.0000000000000E+00  0.0000000000000E+00
  0.0000000000000E+00  0.0000000000000E+00  0.0000000000000E+00  0.0000000000000E+00
 -6.1763885615303E+00  5.4592328185805E-13  1.1047867676058E+00 -2.0121297727830E-13
 -4.8957820540217E+00  4.2414169215353E-13 -1.5542706408806E-16 -3.9770041338799E-17
  1.1588953256180E-17  1.7637883209559E-17 -1.4149798765701E-16 -3.4296452487783E-17
 -8.1863612432057E-16  2.4762595920843E-16  9.4531664495529E-17  3.4368278508718E-18
 -7.4932459301221E-16  2.3714140464814E-16 -6.9734677916023E+00  2.9859443789506E-13
  1.7797593656932E+00 -1.2779969924247E-14 -5.5708578749612E+00  2.0003368822116E-13
  1.9884402217631E-16  3.9231197190571E-16 -4.3145208365730E-17 -7.5240948651294E-17
  1.7703920971743E-16  3.5042596834587E-16  4.9309863598699E+00  4.9309863598730E+00
 -1.2584799156969E+00 -1.2584799156975E+00  3.9391913772463E+00  3.9391913772488E+00
 -6.9734677916026E+00 -2.6633916186738E-13  1.7797593656933E+00  1.1337615818546E-14
 -5.5708578749614E+00 -1.8082463791881E-13  0.0000000000000E+00  0.0000000000000E+00
  0.0000000000000E+00  0.0000000000000E+00  0.0000000000000E+00  0.0000000000000E+00
  4.9309863598697E+00 -4.9309863598724E+00 -1.2584799156969E+00  1.2584799156974E+00
  3.9391913772462E+00 -3.9391913772484E+00  1.4018604301134E-16 -5.0540441787441E-16
 -2.3244642821724E-17  1.0341189400276E-16  1.2555940257408E-16 -4.5103845715384E-16
  6.3655065210450E-17 -4.2895144689669E-16 -1.2497247920119E-17  6.1933297733124E-17
  5.6501898628848E-17 -3.9104410385944E-16  1.2059812750243E+01 -1.2059812750229E+01
 -4.9317625214905E-01  4.9317625214839E-01  1.1714091796877E+01 -1.1714091796864E+01
  1.2235859144549E-16  1.3612499459184E-16 -1.8298237416280E-17 -2.4095636697454E-17
  1.0955509906227E-16  1.2132294259170E-16  1.7055150753128E+01 -4.5811072542927E-13
 -6.9745655816368E-01  9.9286526486579E-14  1.6566227496367E+01 -4.1876558803708E-13
  1.2059812750237E+01  1.2059812750225E+01 -4.9317625214874E-01 -4.9317625214814E-01
  1.1714091796871E+01  1.1714091796859E+01  0.0000000000000E+00  0.0000000000000E+00
  0.0000000000000E+00  0.0000000000000E+00  0.0000000000000E+00  0.0000000000000E+00
  1.7055150753136E+01  3.8088839199730E-13 -6.9745655816409E-01 -8.9387725690457E-14
  1.6566227496375E+01  3.5313376618525E-13  1.0484112280968E-16 -2.4365948902128E-17
 -1.1758906505644E-17 -1.4886991546180E-18  9.3879138333719E-17 -2.1793124614627E-17
  4.8678771681490E-16 -2.7492086318793E-16 -6.4971788835241E-17  2.6767256363239E-17
  4.4377645544147E-16 -2.5440637820449E-16  1.7377551316917E+01  3.6555809956101E-13
 -9.6703242844935E-01  3.9360119243156E-14  1.6843899939563E+01  3.5386027550199E-13
 -6.1164229137646E-17  9.9568313087235E-18  1.4563880069575E-17 -6.7179436499490E-19
 -5.4224225688093E-17  8.2447295216368E-18 -1.2287784321906E+01 -1.2287784321893E+01
  6.8379517742298E-01  6.8379517742234E-01 -1.1910435826243E+01 -1.1910435826230E+01
  1.7377551316925E+01 -3.0855641034189E-13 -9.6703242844969E-01 -3.8167954390846E-14
  1.6843899939571E+01 -2.9903899647581E-13  0.0000000000000E+00  0.0000000000000E+00
  0.0000000000000E+00  0.0000000000000E+00  0.0000000000000E+00  0.0000000000000E+00
 -1.2287784321901E+01  1.2287784321888E+01  6.8379517742275E-01 -6.8379517742216E-01
 -1.1910435826238E+01  1.1910435826226E+01 -4.0173593272963E-17  1.3047176255007E-16
  8.2289017654779E-18 -3.2582044825014E-17 -3.5483479184627E-17  1.1650810094754E-16
          2          2          0
  2.0547409815801E-01 -3.9568414242300E-01  3.4626499813762E-01  2.0547409815801E-01
 -3.9568414242300E-01  3.4626499813762E-01 -2.0547409815801E-01  3.9568414242300E-01
 -3.4626499813762E-01 -2.0547409815801E-01  3.9568414242300E-01 -3.4626499813762E-01
 -2.0547409815788E-01  3.9568414242299E-01 -3.4626499813750E-01 -2.0547409815788E-01
  3.9568414242299E-01 -3.4626499813750E-01 -2.0547409815788E-01  3.9568414242299E-01
 -3.4626499813750E-01 -2.0547409815788E-01  3.9568414242299E-01 -3.4626499813750E-01
  0.0000000000000E+00  0.0000000000000E+00  0.0000000000000E+00  0.0000000000000E+00
  0.0000000000000E+00  0.0000000000000E+00  2.9058425627998E-01 -5.5958188061817E-01
  4.8969265650254E-01 -2.9058425627998E-01  5.5958188061817E-01 -4.8969265650254E-01
  2.9058425627997E-01 -5.5958188061817E-01  4.8969265650253E-01 -2.9058425627997E-01
  5.5958188061817E-01 -4.8969265650253E-01  0.0000000000000E+00  0.0000000000000E+00
  0.0000000000000E+00  0.0000000000000E+00  0.0000000000000E+00  0.0000000000000E+00
  4.4347062944471E+00 -9.0809509919521E-01  3.5203431736218E+00  4.4347062944471E+00
 -9.0809509919521E-01  3.5203431736218E+00 -4.4347062944471E+00  9.0809509919521E-01
 -3.5203431736218E+00 -4.4347062944471E+00  9.0809509919521E-01 -3.5203431736218E+00
 -4.4347062944470E+00  9.0809509919521E-01 -3.5203431736217E+00 -4.4347062944470E+00
  9.0809509919521E-01 -3.5203431736217E+00 -4.4347062944470E+00  9.0809509919521E-01
 -3.5203431736217E+00 -4.4347062944470E+00  9.0809509919521E-01 -3.5203431736217E+00
  0.0000000000000E+00  0.0000000000000E+00  0.0000000000000E+00  0.0000000000000E+00
  0.0000000000000E+00  0.0000000000000E+00  6.2716217867167E+00 -1.2842404052105E+00
  4.9785170603147E+00 -6.2716217867167E+00  1.2842404052105E+00 -4.9785170603147E+00
  6.2716217867167E+00 -1.2842404052105E+00  4.9785170603147E+00 -6.2716217867167E+00
  1.2842404052105E+00 -4.9785170603147E+00  0.0000000000000E+00  0.0000000000000E+00
  0.0000000000000E+00  0.0000000000000E+00  0.0000000000000E+00  0.0000000000000E+00
  1.1971989490271E+01 -5.3177892824367E-01  1.1639079340691E+01  1.1971989490271E+01
 -5.3177892824367E-01  1.1639079340691E+01  1.1971989490271E+01 -5.3177892824367E-01
  1.1639079340691E+01  1.1971989490271E+01 -5.3177892824367E-01  1.1639079340691E+01
 -1.6930949905743E+01  7.5204897250879E-01 -1.6460143857153E+01  1.6930949905743E+01
 -7.5204897250879E-01  1.6460143857153E+01  0.0000000000000E+00  0.0000000000000E+00
  0.0000000000000E+00  0.0000000000000E+00  0.0000000000000E+00  0.0000000000000E+00
  0.0000000000000E+00  0.0000000000000E+00  0.0000000000000E+00  0.0000000000000E+00
  0.0000000000000E+00  0.0000000000000E+00 -1.6930949905743E+01  7.5204897250879E-01
 -1.6460143857153E+01  1.6930949905743E+01 -7.5204897250879E-01  1.6460143857153E+01
 -1.1971989490271E+01  5.3177892824366E-01 -1.1639079340691E+01 -1.1971989490271E+01
  5.3177892824366E-01 -1.1639079340691E+01  1.1971989490271E+01 -5.3177892824366E-01
  1.1639079340691E+01  1.1971989490271E+01 -5.3177892824366E-01  1.1639079340691E+01
